2187	(446.2068, 3, 2184)	(435.549, 3, 2185)	(440.5016, 3, 2186)	(429.8451, 0, 2187)
2415	(430.8117, 3, 2412)	(420.1545, 3, 2413)	(425.1373, 3, 2414)	(414.4831, 0, 2415)
2424	(434.8027, 3, 2423)	(424.1458, 0, 2424)
2494	(523.238, 3, 2493)	(512.5786, 0, 2494)
2497	(410.4668, 3, 2496)	(399.8192, 0, 2497)
2521	(410.4669, 3, 2520)	(399.8182, 0, 2521)
2562	(484.579, 3, 2561)	(473.9226, 0, 2562)
2732	(512.5831, 3, 2731)	(523.2423, 0, 2732)
2886	(403.188, 3, 2883)	(413.8455, 3, 2884)	(373.5114, 3, 2885)	(362.8552, 0, 2886)
3053	(475.2154, 3, 3050)	(485.8723, 3, 3051)	(484.9144, 3, 3052)	(474.2577, 0, 3053)
3106	(436.8705, 3, 3103)	(447.5281, 3, 3104)	(406.8607, 3, 3105)	(417.5172, 0, 3106)
3151	(436.8705, 3, 3148)	(447.5276, 3, 3149)	(407.1942, 3, 3150)	(396.5372, 0, 3151)
3153	(388.8569, 3, 3152)	(378.1996, 0, 3153)
3248	(509.5663, 3, 3247)	(520.2257, 0, 3248)
3268	(651.3145, 2, 3265)	(667.3008, 2, 3266)	(494.2193, 3, 3267)	(504.8789, 0, 3268)
3291	(440.8816, 3, 3290)	(451.5421, 0, 3291)
3297	(565.7302, 2, 3294)	(549.7455, 2, 3295)	(425.8738, 3, 3296)	(436.5326, 0, 3297)
3362	(504.8775, 3, 3359)	(494.2206, 3, 3360)	(464.2079, 3, 3361)	(474.867, 0, 3362)
3459	(487.8622, 3, 3456)	(498.5193, 3, 3457)	(457.8522, 3, 3458)	(447.1943, 0, 3459)
3482	(416.5421, 3, 3481)	(427.1989, 0, 3482)	(395.2187, 2, 3483)	(411.2053, 2, 3484)
3533	(533.899, 3, 3532)	(544.559, 0, 3533)	(728.8052, 2, 3534)	(712.8205, 2, 3535)
3559	(500.2367, 3, 3558)	(510.8882, 0, 3559)	(739.3608, 2, 3560)	(723.3548, 2, 3561)
3594	(553.9175, 3, 3593)	(543.2556, 0, 3594)
3640	(527.5325, 3, 3639)	(516.8701, 0, 3640)
3733	(472.8944, 3, 3732)	(462.231, 0, 3733)
3778	(500.5504, 3, 3775)	(489.8789, 3, 3776)	(465.8828, 3, 3777)	(476.5391, 0, 3778)
3934	(408.5358, 3, 3933)	(419.1975, 0, 3934)	(465.5732, 3, 3935)	(454.9161, 0, 3936)
3959	(646.3031, 2, 3956)	(630.3248, 2, 3957)	(454.2321, 3, 3958)	(443.5671, 0, 3959)
4336	(686.934, 3, 4335)	(697.5917, 0, 4336)	(956.834, 2, 4337)	(940.837, 2, 4338)
4648	(475.7541, 2, 4645)	(491.7391, 2, 4646)	(508.9041, 3, 4647)	(498.2453, 0, 4648)
4727	(626.7404, 2, 4724)	(610.7549, 2, 4725)	(508.9034, 3, 4726)	(498.2473, 0, 4727)
4801	(621.7454, 2, 4798)	(637.7294, 2, 4799)	(701.6301, 3, 4800)	(690.9713, 0, 4801)
4995	(492.6902, 2, 4992)	(508.684, 2, 4993)	(387.5297, 3, 4994)	(376.8692, 0, 4995)
5332	(599.6011, 3, 5331)	(610.271, 0, 5332)
5394	(595.9578, 3, 5393)	(585.3042, 0, 5394)
6424	(762.0037, 3, 6423)	(751.3447, 0, 6424)
6518	(550.8673, 3, 6517)	(540.2092, 0, 6518)
6628	(553.5753, 3, 6627)	(542.9171, 0, 6628)	(538.7724, 2, 6629)	(522.7859, 2, 6630)
6649	(704.3162, 2, 6646)	(688.326, 2, 6647)	(653.5715, 3, 6648)	(642.9003, 0, 6649)
6824	(841.364, 2, 6821)	(825.3819, 2, 6822)	(643.9439, 3, 6823)	(633.2935, 0, 6824)
6881	(1049.3977, 3, 6880)	(1038.7094, 0, 6881)
6898	(1022.7056, 3, 6897)	(1012.0355, 0, 6898)
6912	(757.9689, 3, 6911)	(747.3132, 0, 6912)
6923	(750.9898, 3, 6922)	(740.3211, 0, 6923)
7183	(668.3057, 2, 7180)	(652.3202, 2, 7181)	(552.5903, 3, 7182)	(563.2614, 0, 7183)
7195	(480.8719, 3, 7194)	(491.5252, 0, 7195)
7410	(820.8796, 2, 7407)	(804.8934, 2, 7408)	(829.6959, 3, 7409)	(819.0165, 0, 7410)
7466	(555.2538, 3, 7463)	(544.5967, 3, 7464)	(529.9229, 3, 7465)	(540.5798, 0, 7466)
7484	(525.944, 3, 7483)	(515.2901, 0, 7484)	(487.2548, 2, 7485)	(471.267, 2, 7486)
7496	(900.0546, 3, 7495)	(889.3961, 0, 7496)
7604	(965.4085, 2, 7601)	(981.394, 2, 7602)	(919.725, 3, 7603)	(909.0538, 0, 7604)
7629	(1221.4792, 3, 7628)	(1232.1698, 0, 7629)
7662	(492.5172, 3, 7661)	(503.1824, 0, 7662)
7683	(515.5322, 3, 7680)	(526.2014, 3, 7681)	(521.5318, 3, 7682)	(532.1928, 0, 7683)
7703	(455.5062, 3, 7702)	(444.8368, 0, 7703)
7916	(686.9943, 3, 7915)	(676.3467, 0, 7916)	(761.3347, 3, 7917)	(750.6815, 0, 7918)
7947	(668.3051, 2, 7944)	(652.3198, 2, 7945)	(646.9478, 3, 7946)	(636.2965, 0, 7947)
7980	(889.3956, 3, 7979)	(900.0586, 0, 7980)
8051	(829.6854, 3, 8050)	(840.3542, 0, 8051)
8100	(841.0562, 3, 8099)	(851.7221, 0, 8100)
8184	(726.9762, 3, 8183)	(716.3251, 0, 8184)
8188	(1327.8561, 3, 8187)	(1317.2197, 0, 8188)
8308	(756.688, 3, 8307)	(767.3427, 0, 8308)
8379	(891.7576, 3, 8376)	(881.1006, 3, 8377)	(885.748, 3, 8378)	(875.0947, 0, 8379)
8408	(467.7435, 2, 8405)	(483.7253, 2, 8406)	(491.2497, 3, 8407)	(501.9043, 0, 8408)
8506	(795.0362, 3, 8505)	(805.7105, 0, 8506)
8568	(593.2703, 2, 8565)	(609.2668, 2, 8566)	(420.5296, 3, 8567)	(409.8742, 0, 8568)
8620	(516.9023, 3, 8619)	(506.2503, 0, 8620)	(484.223, 3, 8621)	(494.891, 3, 8622)
8652	(811.324, 3, 8651)	(800.6825, 0, 8652)
8710	(582.782, 2, 8707)	(566.7959, 2, 8708)	(762.3617, 3, 8709)	(751.7221, 0, 8710)
8867	(1107.4698, 3, 8864)	(1096.8037, 3, 8865)	(1286.8524, 3, 8866)	(1276.2028, 0, 8867)
8922	(691.7436, 2, 8919)	(707.7427, 2, 8920)	(671.5549, 3, 8921)	(660.8962, 0, 8922)
8924	(405.5319, 3, 8923)	(416.192, 0, 8924)
8932	(630.6301, 3, 8931)	(619.9551, 0, 8932)	(433.7145, 2, 8933)
9090	(583.2829, 2, 9087)	(567.2983, 2, 9088)	(661.8774, 3, 9089)	(651.2308, 0, 9090)
9121	(723.3056, 3, 9120)	(733.9568, 0, 9121)
9176	(651.9203, 3, 9175)	(641.2609, 0, 9176)
9299	(434.5448, 3, 9298)	(445.204, 0, 9299)
9601	(593.6101, 3, 9600)	(604.2765, 0, 9601)
9672	(955.7551, 3, 9671)	(966.4014, 0, 9672)
9710	(969.7585, 3, 9709)	(980.4343, 0, 9710)	(960.0936, 3, 9711)	(970.7707, 3, 9712)
9791	(981.7632, 3, 9788)	(992.433, 3, 9789)	(977.761, 3, 9790)	(967.0876, 0, 9791)
9828	(475.8954, 3, 9827)	(465.2442, 0, 9828)
10049	(1200.5597, 2, 10046)	(1216.5441, 2, 10047)	(885.7497, 3, 10048)	(875.0916, 0, 10049)
10064	(492.9118, 3, 10063)	(482.2611, 0, 10064)
10234	(471.8635, 3, 10233)	(461.2044, 0, 10234)
10274	(605.2622, 3, 10271)	(594.6028, 3, 10272)	(590.5932, 3, 10273)	(601.2666, 0, 10274)
10296	(633.2546, 3, 10293)	(622.5804, 3, 10294)	(723.3049, 3, 10295)	(733.9612, 0, 10296)
10361	(748.6297, 3, 10360)	(737.9742, 0, 10361)	(622.5714, 3, 10362)	(633.2429, 3, 10363)
10368	(471.8633, 3, 10367)	(461.2041, 0, 10368)
10389	(753.3181, 3, 10386)	(742.6511, 3, 10387)	(717.6552, 3, 10388)	(706.9938, 0, 10389)
10519	(1149.4368, 2, 10516)	(1133.4651, 2, 10517)	(786.9913, 3, 10518)	(797.6548, 0, 10519)
10527	(466.861, 3, 10524)	(477.5311, 3, 10525)	(444.925, 3, 10526)	(434.2689, 0, 10527)
10623	(819.9233, 2, 10620)	(835.913, 2, 10621)	(880.1101, 3, 10622)	(890.7611, 0, 10623)
10753	(923.7535, 3, 10752)	(913.0983, 0, 10753)	(886.8951, 2, 10754)
10981	(797.3319, 3, 10980)	(807.992, 0, 10981)
11022	(1009.7723, 3, 11021)	(999.113, 0, 11022)	(1016.4492, 3, 11023)	(1027.1353, 3, 11024)
11159	(976.7253, 3, 11158)	(987.3779, 0, 11159)	(760.8616, 2, 11160)	(776.8487, 2, 11161)
11183	(976.3962, 3, 11180)	(987.0499, 3, 11181)	(1164.8213, 3, 11182)	(1154.1597, 0, 11183)
11253	(984.086, 3, 11250)	(973.4351, 3, 11251)	(955.7533, 3, 11252)	(945.0961, 0, 11253)
11267	(1098.1354, 3, 11266)	(1087.459, 0, 11267)	(1382.5552, 2, 11268)	(1398.5679, 2, 11269)
11293	(954.9915, 2, 11290)	(939.0057, 2, 11291)	(959.4093, 3, 11292)	(970.0789, 0, 11293)
11328	(567.5677, 3, 11327)	(556.9097, 0, 11328)
11556	(977.8682, 2, 11553)	(961.8823, 2, 11554)	(1008.3807, 3, 11555)	(997.736, 0, 11556)
11896	(706.892, 2, 11893)	(690.9001, 2, 11894)	(529.9743, 3, 11895)	(540.6193, 0, 11896)
12093	(991.7471, 3, 12090)	(981.0903, 3, 12091)	(985.4197, 3, 12092)	(974.7604, 0, 12093)
12135	(891.9894, 2, 12132)	(875.9971, 2, 12133)	(891.4172, 3, 12134)	(880.7678, 0, 12135)
12623	(877.6736, 3, 12620)	(867.0163, 3, 12621)	(860.6796, 3, 12622)	(871.3389, 0, 12623)
12741	(637.3347, 2, 12738)	(621.3495, 2, 12739)	(517.6016, 3, 12740)	(528.2673, 0, 12741)
12846	(435.5485, 3, 12845)	(446.2094, 0, 12846)
12886	(923.067, 3, 12885)	(912.3953, 0, 12886)
12917	(891.4202, 3, 12916)	(880.767, 0, 12917)
12956	(734.6292, 3, 12955)	(723.9719, 0, 12956)
13018	(494.5539, 3, 13017)	(483.8819, 0, 13018)
13045	(781.9979, 3, 13042)	(792.6536, 3, 13043)	(792.3217, 3, 13044)	(802.9818, 0, 13045)
13082	(1049.7783, 3, 13081)	(1039.1287, 0, 13082)	(1019.439, 3, 13083)	(1008.7825, 3, 13084)
13160	(984.422, 3, 13159)	(973.7575, 0, 13160)
13235	(943.8737, 2, 13232)	(927.8887, 2, 13233)	(1005.8268, 3, 13234)	(1016.4733, 0, 13235)
13287	(796.0467, 3, 13286)	(785.3939, 0, 13287)	(848.3976, 3, 13288)	(837.7377, 3, 13289)
13335	(724.3029, 3, 13334)	(734.9605, 0, 13335)
13407	(852.3742, 4, 13404)	(860.3676, 4, 13405)	(1146.4879, 3, 13406)	(1135.8292, 0, 13407)
13548	(1140.8411, 3, 13547)	(1151.5137, 0, 13548)	(1144.528, 3, 13549)	(1155.1831, 3, 13550)
13584	(1150.8435, 3, 13583)	(1161.5023, 0, 13584)	(1138.5129, 3, 13585)	(1149.1871, 3, 13586)
13702	(954.7634, 3, 13699)	(965.4246, 3, 13700)	(774.2877, 3, 13701)	(784.9664, 0, 13702)
13714	(1478.6168, 3, 13713)	(1467.9583, 0, 13714)
13757	(980.1658, 3, 13756)	(969.5273, 0, 13757)	(962.9681, 2, 13758)	(978.9498, 2, 13759)
13789	(1671.8099, 2, 13786)	(1687.7751, 2, 13787)	(1181.8513, 3, 13788)	(1192.4908, 0, 13789)
13863	(779.059, 3, 13862)	(789.7162, 0, 13863)
13882	(1168.8574, 3, 13881)	(1179.5421, 0, 13882)	(1154.2175, 3, 13883)	(1164.8579, 3, 13884)
13890	(1310.6526, 2, 13887)	(1294.6416, 2, 13888)	(891.7505, 3, 13889)	(902.4059, 0, 13890)
13902	(797.4186, 2, 13899)	(813.4037, 2, 13900)	(1200.2264, 3, 13901)	(1189.558, 0, 13902)
13982	(661.0028, 3, 13981)	(671.6703, 0, 13982)
14052	(816.0161, 3, 14051)	(805.3568, 0, 14052)
14092	(1344.257, 3, 14091)	(1333.5613, 0, 14092)	(1331.9357, 3, 14093)	(1321.2874, 0, 14094)
14116	(1108.486, 3, 14115)	(1097.8339, 0, 14116)
14150	(1156.8717, 3, 14149)	(1146.2156, 0, 14150)
14172	(1026.4802, 2, 14169)	(1042.4695, 2, 14170)	(702.9833, 3, 14171)	(692.329, 0, 14172)
14228	(734.9643, 3, 14225)	(724.3055, 3, 14226)	(785.7144, 3, 14227)	(796.3635, 0, 14228)
14257	(938.4429, 2, 14254)	(922.4473, 2, 14255)	(792.7083, 3, 14256)	(803.3622, 0, 14257)
14265	(1058.1814, 3, 14264)	(1047.5232, 0, 14265)
14269	(1076.9634, 2, 14266)	(1060.962, 2, 14267)	(703.3086, 3, 14268)	(713.9723, 0, 14269)
14279	(1080.0184, 2, 14276)	(1096.0023, 2, 14277)	(732.6627, 3, 14278)	(721.9888, 0, 14279)
14311	(772.0532, 3, 14308)	(761.396, 3, 14309)	(981.4382, 3, 14310)	(970.7647, 0, 14311)
14331	(818.3358, 3, 14330)	(828.9955, 0, 14331)	(1023.7842, 3, 14332)	(1034.4343, 3, 14333)
14395	(809.3635, 3, 14394)	(820.0168, 0, 14395)	(1008.7849, 3, 14396)	(1019.4412, 3, 14397)
14405	(1164.2206, 3, 14404)	(1153.533, 0, 14405)	(1145.1656, 3, 14406)	(1134.4968, 0, 14407)
14491	(579.2913, 4, 14488)	(571.2986, 4, 14489)	(561.9328, 3, 14490)	(572.5892, 0, 14491)
14626	(984.4199, 3, 14625)	(973.7548, 0, 14626)
14675	(541.9271, 3, 14672)	(552.5861, 3, 14673)	(544.2653, 3, 14674)	(554.9124, 0, 14675)
14734	(1182.5736, 2, 14731)	(1166.5878, 2, 14732)	(1046.5085, 3, 14733)	(1057.1753, 0, 14734)
14795	(1646.7665, 2, 14792)	(1630.7675, 2, 14793)	(1256.5813, 3, 14794)	(1267.2498, 0, 14795)
14975	(1003.4258, 3, 14974)	(992.7606, 0, 14975)	(1017.762, 3, 14976)	(1007.0917, 3, 14977)
15059	(1001.8179, 3, 15056)	(1012.499, 3, 15057)	(989.1069, 3, 15058)	(999.7622, 0, 15059)
15098	(1319.6106, 3, 15097)	(1330.256, 0, 15098)
15128	(989.0922, 3, 15125)	(999.7446, 3, 15126)	(955.1006, 3, 15127)	(965.7615, 0, 15128)
15211	(1014.4356, 3, 15210)	(1025.1178, 0, 15211)	(830.9218, 2, 15212)	(814.9368, 2, 15213)
15217	(435.2137, 3, 15214)	(445.8713, 3, 15215)	(485.8715, 3, 15216)	(475.2144, 0, 15217)
15374	(993.4523, 3, 15373)	(982.788, 0, 15374)	(1089.8118, 3, 15375)	(1100.4813, 0, 15376)
15687	(905.0768, 3, 15684)	(894.4191, 3, 15685)	(1300.5571, 3, 15686)	(1289.8915, 0, 15687)
16147	(1136.8688, 3, 16146)	(1126.2219, 0, 16147)
16449	(992.4233, 3, 16448)	(981.7762, 0, 16449)
16497	(1523.0509, 3, 16494)	(1533.7136, 3, 16495)	(1065.7922, 3, 16496)	(1076.4656, 0, 16497)
16516	(1033.4879, 3, 16515)	(1044.1433, 0, 16516)	(982.9674, 2, 16517)	(998.952, 2, 16518)
16557	(1205.5121, 2, 16554)	(1221.4934, 2, 16555)	(1407.9961, 3, 16556)	(1418.6385, 0, 16557)
16607	(1190.2036, 3, 16606)	(1200.8575, 0, 16607)	(1258.1165, 2, 16608)	(1274.1162, 2, 16609)
16640	(522.7545, 2, 16637)	(506.768, 2, 16638)	(788.7185, 3, 16639)	(778.0602, 0, 16640)
16653	(985.4672, 3, 16650)	(974.8123, 3, 16651)	(977.4376, 3, 16652)	(966.7838, 0, 16653)
16662	(786.3804, 2, 16659)	(770.3792, 2, 16660)	(831.0587, 3, 16661)	(841.7271, 0, 16662)
16696	(900.3877, 3, 16695)	(889.7319, 0, 16696)
16700	(912.7645, 3, 16699)	(923.4448, 0, 16700)
16713	(776.8948, 2, 16710)	(792.8826, 2, 16711)	(958.0648, 3, 16712)	(947.4043, 0, 16713)
16764	(985.1396, 3, 16763)	(974.4859, 0, 16764)
16868	(741.075, 3, 16867)	(730.4163, 0, 16868)	(982.5126, 3, 16869)	(993.1885, 0, 16870)
16984	(1154.8521, 3, 16983)	(1165.5424, 0, 16984)
17066	(1041.0177, 2, 17063)	(1057.0027, 2, 17064)	(888.101, 3, 17065)	(898.7552, 0, 17066)
17104	(1027.7344, 3, 17101)	(1017.0838, 3, 17102)	(1033.3892, 3, 17103)	(1022.7485, 0, 17104)
17142	(1190.5311, 3, 17141)	(1201.1838, 0, 17142)	(1258.6094, 2, 17143)	(1274.6123, 2, 17144)
17201	(1220.9717, 2, 17198)	(1204.9845, 2, 17199)	(1154.1771, 3, 17200)	(1143.5454, 0, 17201)
17388	(1232.2117, 3, 17387)	(1242.8721, 0, 17388)
17428	(839.081, 3, 17427)	(849.7333, 0, 17428)	(829.417, 3, 17429)	(840.0816, 3, 17430)
17568	(964.508, 3, 17567)	(975.1594, 0, 17568)
17595	(1528.1624, 2, 17592)	(1544.147, 2, 17593)	(1056.7915, 3, 17594)	(1067.4564, 0, 17595)
17677	(978.097, 3, 17676)	(988.7545, 0, 17677)
17681	(1253.8562, 3, 17680)	(1243.1964, 0, 17681)
17723	(1137.1478, 3, 17722)	(1126.5081, 0, 17723)
17794	(1134.8326, 3, 17793)	(1145.519, 0, 17794)	(1085.5043, 3, 17795)	(1096.1658, 0, 17796)
17814	(989.1042, 3, 17813)	(978.4441, 0, 17814)
17819	(1038.7303, 4, 17816)	(1030.7289, 4, 17817)	(1281.9025, 3, 17818)	(1292.5845, 0, 17819)
17865	(1002.1006, 3, 17862)	(991.449, 3, 17863)	(996.4307, 3, 17864)	(1007.083, 0, 17865)
17976	(1057.1759, 3, 17973)	(1046.5131, 3, 17974)	(1146.4938, 3, 17975)	(1135.8163, 0, 17976)
18087	(1295.609, 3, 18084)	(1306.2402, 3, 18085)	(1277.2468, 3, 18086)	(1287.9159, 0, 18087)
18154	(1473.1531, 2, 18151)	(1457.1553, 2, 18152)	(1478.6713, 3, 18153)	(1489.3344, 0, 18154)
18209	(753.6986, 3, 18208)	(764.3518, 0, 18209)
18212	(1277.2429, 3, 18211)	(1266.6002, 0, 18212)
18259	(722.3784, 2, 18256)	(738.3679, 2, 18257)	(1453.9851, 3, 18258)	(1464.6497, 0, 18259)
18279	(1057.1755, 3, 18276)	(1046.5173, 3, 18277)	(980.4907, 3, 18278)	(969.8329, 0, 18279)
18292	(1542.0309, 3, 18289)	(1552.6912, 3, 18290)	(1418.0265, 3, 18291)	(1407.3812, 0, 18292)
18294	(1139.8361, 3, 18293)	(1150.4934, 0, 18294)	(1140.4739, 2, 18295)
18439	(1529.0193, 3, 18438)	(1518.3652, 0, 18439)
18467	(1060.1381, 3, 18466)	(1049.4812, 0, 18467)	(1069.1384, 3, 18468)	(1058.4943, 3, 18469)
18500	(1293.5919, 2, 18497)	(1277.604, 2, 18498)	(1472.6533, 3, 18499)	(1462.0264, 0, 18500)
18706	(1470.6801, 2, 18703)	(1454.668, 2, 18704)	(1477.0258, 3, 18705)	(1466.3745, 0, 18706)
18805	(1048.8158, 3, 18804)	(1059.4764, 0, 18805)	(1187.5507, 3, 18806)	(1198.2225, 3, 18807)
18815	(834.711, 3, 18814)	(845.3817, 0, 18815)
18841	(972.1105, 3, 18840)	(961.4432, 0, 18841)
18925	(1075.5015, 3, 18924)	(1064.8546, 0, 18925)	(1185.0479, 2, 18926)	(1201.0361, 2, 18927)
18964	(856.4026, 3, 18963)	(867.0616, 0, 18964)	(889.7012, 3, 18965)	(900.3763, 3, 18966)
18988	(1424.9885, 3, 18985)	(1414.3373, 3, 18986)	(1348.6471, 3, 18987)	(1337.9792, 0, 18988)
19077	(1419.6924, 3, 19074)	(1430.3524, 3, 19075)	(1401.6884, 3, 19076)	(1412.3584, 0, 19077)
19164	(796.0413, 3, 19163)	(785.3902, 0, 19164)
19185	(1461.6741, 3, 19184)	(1451.0137, 0, 19185)	(1444.6747, 3, 19186)	(1455.3505, 3, 19187)
19189	(856.4053, 3, 19188)	(867.0641, 0, 19189)
19196	(825.0638, 3, 19195)	(814.4175, 0, 19196)	(818.3788, 2, 19197)	(802.4052, 2, 19198)
19237	(845.3784, 3, 19236)	(834.7275, 0, 19237)	(861.063, 3, 19238)	(850.3869, 0, 19239)
19256	(845.7193, 3, 19253)	(856.3891, 3, 19254)	(864.0493, 3, 19255)	(853.4152, 0, 19256)
19347	(1181.6213, 3, 19344)	(1170.9628, 3, 19345)	(1175.6218, 3, 19346)	(1164.9498, 0, 19347)
19355	(821.7148, 3, 19354)	(832.3968, 0, 19355)	(852.0295, 3, 19356)	(841.3845, 3, 19357)
19382	(1480.3749, 3, 19381)	(1491.0171, 0, 19382)	(1478.3591, 3, 19383)	(1467.6827, 0, 19384)
19478	(979.0909, 3, 19477)	(968.4355, 0, 19478)	(1102.9851, 2, 19479)	(1118.9889, 2, 19480)
19518	(816.9404, 2, 19515)	(800.9537, 2, 19516)	(802.3671, 3, 19517)	(813.0225, 0, 19518)
19544	(640.2963, 2, 19541)	(624.309, 2, 19542)	(985.4728, 3, 19543)	(974.812, 0, 19544)
19578	(1054.1538, 3, 19577)	(1043.4932, 0, 19578)
19627	(1302.5884, 3, 19626)	(1313.2787, 0, 19627)
19637	(831.0707, 3, 19636)	(820.429, 0, 19637)
19676	(1518.0406, 3, 19675)	(1528.7001, 0, 19676)
19691	(1113.1959, 3, 19690)	(1102.5381, 0, 19691)
19706	(1039.1605, 3, 19705)	(1028.4919, 0, 19706)
19798	(1105.5363, 3, 19797)	(1094.8901, 0, 19798)
19809	(933.8146, 3, 19808)	(944.4702, 0, 19809)
19826	(1117.167, 3, 19825)	(1127.8323, 0, 19826)
19931	(1037.4885, 3, 19930)	(1026.8273, 0, 19931)
20040	(1271.9652, 3, 20039)	(1282.604, 0, 20040)
20098	(1037.4956, 2, 20095)	(1053.4819, 2, 20096)	(1236.9309, 3, 20097)	(1226.2639, 0, 20098)
20111	(897.3443, 2, 20108)	(913.3562, 2, 20109)	(718.9713, 3, 20110)	(708.3189, 0, 20111)
20241	(1096.8701, 3, 20240)	(1107.5273, 0, 20241)
20358	(1532.0352, 3, 20357)	(1542.6973, 0, 20358)
20455	(1017.4901, 2, 20452)	(1033.4865, 2, 20453)	(1037.8213, 3, 20454)	(1048.4956, 0, 20455)
20492	(1072.1719, 3, 20489)	(1082.8369, 3, 20490)	(1015.8594, 3, 20491)	(1005.1811, 0, 20492)
20553	(828.7462, 3, 20552)	(839.3996, 0, 20553)	(816.9366, 2, 20554)	(800.9534, 2, 20555)
20557	(1195.6383, 3, 20556)	(1206.2926, 0, 20557)	(751.4163, 2, 20558)	(735.4197, 2, 20559)
20611	(1168.243, 3, 20608)	(1178.9008, 3, 20609)	(998.1561, 3, 20610)	(1008.82, 0, 20611)
20623	(1245.5856, 3, 20622)	(1234.9281, 0, 20623)
20649	(1150.8979, 3, 20648)	(1161.5532, 0, 20649)
20658	(1338.9744, 3, 20657)	(1328.3053, 0, 20658)
20678	(1179.2332, 3, 20675)	(1168.5756, 3, 20676)	(1162.5739, 3, 20677)	(1173.217, 0, 20678)
20720	(1206.283, 3, 20719)	(1216.9404, 0, 20720)	(1199.5295, 4, 20721)	(1191.5336, 4, 20722)
20726	(1324.584, 3, 20725)	(1313.929, 0, 20726)
20869	(823.8217, 2, 20866)	(839.8173, 2, 20867)	(826.4019, 3, 20868)	(815.7253, 0, 20869)
20984	(1083.1711, 3, 20983)	(1072.5208, 0, 20984)
21025	(1271.292, 3, 21022)	(1260.6328, 3, 21023)	(1206.9486, 3, 21024)	(1196.2878, 0, 21025)
21148	(953.1565, 3, 21147)	(942.4709, 0, 21148)
21160	(758.7257, 3, 21159)	(769.3807, 0, 21160)
21169	(998.8278, 3, 21166)	(1009.4807, 3, 21167)	(1326.2126, 3, 21168)	(1315.5454, 0, 21169)
21244	(1319.9436, 3, 21243)	(1330.6025, 0, 21244)
21337	(1140.7993, 3, 21336)	(1130.1689, 0, 21337)	(1471.7163, 3, 21338)	(1461.0632, 3, 21339)
21452	(1815.3411, 2, 21449)	(1831.3375, 2, 21450)	(1392.9678, 3, 21451)	(1403.6479, 0, 21452)
21458	(1121.8536, 3, 21455)	(1111.1874, 3, 21456)	(1425.3851, 3, 21457)	(1436.028, 0, 21458)
21460	(802.743, 3, 21459)	(813.3816, 0, 21460)
21495	(1487.3339, 3, 21494)	(1476.6687, 0, 21495)
21525	(998.8234, 3, 21522)	(988.1729, 3, 21523)	(1109.521, 3, 21524)	(1098.8594, 0, 21525)
21760	(1409.028, 3, 21759)	(1419.6959, 0, 21760)
21943	(1471.3743, 3, 21942)	(1482.0494, 0, 21943)
21977	(1219.963, 3, 21976)	(1230.6001, 0, 21977)
22002	(1154.0295, 2, 21999)	(1138.0508, 2, 22000)	(1188.6174, 3, 22001)	(1177.9574, 0, 22002)
22023	(1384.2606, 3, 22022)	(1373.6051, 0, 22023)
22053	(1230.6193, 3, 22052)	(1219.9509, 0, 22053)
22118	(762.6977, 3, 22115)	(752.0434, 3, 22116)	(746.3717, 3, 22117)	(757.0249, 0, 22118)
22197	(1474.6537, 3, 22196)	(1463.986, 0, 22197)
22217	(908.4307, 2, 22214)	(924.4274, 2, 22215)	(1411.2823, 3, 22216)	(1400.6251, 0, 22217)
22225	(1474.6783, 3, 22224)	(1485.3217, 0, 22225)	(1462.3108, 3, 22226)	(1472.9805, 3, 22227)
22289	(1093.5177, 3, 22286)	(1104.1732, 3, 22287)	(1033.4801, 3, 22288)	(1022.834, 0, 22289)
22293	(1454.9996, 3, 22292)	(1444.3292, 0, 22293)
22329	(1373.9688, 3, 22326)	(1384.6281, 3, 22327)	(1390.6349, 3, 22328)	(1379.9805, 0, 22329)
22371	(1105.8538, 3, 22370)	(1095.1917, 0, 22371)
22394	(1093.8347, 3, 22391)	(1083.1759, 3, 22392)	(1120.8309, 3, 22393)	(1110.174, 0, 22394)
22490	(1461.3134, 3, 22487)	(1450.6559, 3, 22488)	(1456.3147, 3, 22489)	(1466.9567, 0, 22490)
22519	(1439.679, 3, 22516)	(1450.3468, 3, 22517)	(1433.3517, 3, 22518)	(1444.014, 0, 22519)
22521	(1215.9529, 3, 22520)	(1205.2931, 0, 22521)
22620	(1241.9506, 3, 22619)	(1252.6287, 0, 22620)
22650	(1087.505, 3, 22649)	(1076.8446, 0, 22650)
22749	(1250.6194, 3, 22748)	(1239.9637, 0, 22749)
22848	(1288.6211, 3, 22847)	(1277.9689, 0, 22848)
22861	(1268.6243, 3, 22860)	(1257.974, 0, 22861)
22882	(851.7422, 3, 22881)	(862.402, 0, 22882)
22907	(1243.6101, 3, 22906)	(1232.9614, 0, 22907)
22922	(1285.2815, 3, 22921)	(1274.6168, 0, 22922)
22960	(1264.9459, 3, 22959)	(1254.2905, 0, 22960)
23005	(793.0628, 3, 23004)	(803.7425, 0, 23005)
23053	(1116.0454, 2, 23050)	(1132.0309, 2, 23051)	(1242.2952, 3, 23052)	(1231.6376, 0, 23053)
23088	(1199.6361, 3, 23085)	(1210.2775, 3, 23086)	(1215.9432, 3, 23087)	(1205.2823, 0, 23088)
23126	(1460.2026, 2, 23123)	(1444.2139, 2, 23124)	(1528.0355, 3, 23125)	(1538.6957, 0, 23126)
23180	(1259.9366, 3, 23179)	(1270.6028, 0, 23180)
23202	(534.3071, 3, 23201)	(544.9617, 0, 23202)
23293	(1241.9022, 3, 23292)	(1252.5557, 0, 23293)	(1123.5505, 2, 23294)	(1139.5349, 2, 23295)
23420	(1124.8958, 3, 23419)	(1135.5466, 0, 23420)
23463	(1259.6256, 3, 23462)	(1270.29, 0, 23463)
23492	(958.0964, 3, 23491)	(968.7255, 0, 23492)
23559	(1023.6905, 5, 23556)	(1017.2978, 5, 23557)	(985.4697, 3, 23558)	(974.8113, 0, 23559)
23585	(1331.983, 3, 23584)	(1321.3367, 0, 23585)	(1155.0211, 2, 23586)	(1171.0038, 2, 23587)
23604	(1199.6232, 3, 23601)	(1210.2842, 3, 23602)	(1205.6278, 3, 23603)	(1216.2605, 0, 23604)
23667	(1270.6146, 3, 23666)	(1259.9723, 0, 23667)
23743	(1209.9431, 3, 23742)	(1199.2933, 0, 23743)
23822	(1313.668, 3, 23821)	(1303.0137, 0, 23822)
24057	(1384.6359, 3, 24056)	(1373.973, 0, 24057)
24126	(845.0573, 3, 24125)	(834.4015, 0, 24126)
24135	(844.0542, 3, 24134)	(833.4028, 0, 24135)
24179	(849.3973, 3, 24178)	(838.7203, 0, 24179)	(844.0555, 3, 24180)	(833.3977, 0, 24181)
24183	(958.2985, 3, 24182)	(968.9815, 0, 24183)
24246	(661.772, 3, 24245)	(651.1238, 0, 24246)
24334	(1534.7018, 3, 24333)	(1524.0461, 0, 24334)
24407	(1199.6248, 3, 24406)	(1210.2765, 0, 24407)
24421	(833.7413, 3, 24420)	(823.0846, 0, 24421)
24477	(1199.2898, 3, 24476)	(1209.9541, 0, 24477)
24511	(976.4954, 3, 24510)	(987.152, 0, 24511)
24700	(1199.6378, 3, 24699)	(1210.2861, 0, 24700)
24745	(900.3804, 3, 24744)	(889.7194, 0, 24745)
24801	(721.014, 3, 24800)	(710.3512, 0, 24801)
24939	(1430.2937, 3, 24938)	(1440.9246, 0, 24939)
25061	(1271.5382, 3, 25060)	(1260.8804, 0, 25061)
25078	(1524.0437, 3, 25077)	(1534.71, 0, 25078)
25120	(912.1567, 3, 25119)	(922.8105, 0, 25120)
25313	(1217.2716, 3, 25312)	(1206.6234, 0, 25313)
25503	(1057.1772, 3, 25502)	(1046.5273, 0, 25503)
28456	(613.5922, 3, 28455)	(624.235, 0, 28456)
