1949	(1950, 1951)	(3, 3)	0.72ppm
2084	(2085, 2086)	(3, 3)	0.39ppm
2143	(2144, 2145)	(3, 3)	0.15ppm
2484	(2485, 2486)	(3, 3)	0.5ppm
2626	(2627, 2628)	(3, 3)	1.63ppm
2666	(2667, 2668)	(3, 3)	0.39ppm
2681	(2682, 2683)	(3, 3)	0.37ppm
2896	(2898, 2899)	(3, 3)	0.38ppm
2960	(2961, 2962)	(3, 3)	1.25ppm
3054	(3055, 3056)	(3, 3)	0.76ppm
3065	(3066, 3067)	(3, 3)	0.45ppm
3074	(3076, 3077)	(3, 3)	0.15ppm
3191	(3193, 3194)	(3, 3)	0.16ppm
3370	(3372, 3373)	(3, 3)	1.05ppm
3387	(3389, 3390)	(3, 3)	0.6ppm
3471	(3472, 3473)	(3, 3)	0.51ppm
3524	(3529, 3530)	(3, 3)	0.08ppm
3554	(3556, 3557)	(3, 3)	0.93ppm
3629	(3631, 3632)	(3, 3)	0.07ppm
3769	(3771, 3772)	(3, 3)	1.27ppm
5537	(5539, 5540)	(3, 3)	1.73ppm
5595	(5600, 5601)	(3, 3)	0.36ppm
6102	(6107, 6108)	(3, 3)	0.06ppm
6775	(6778, 6779)	(3, 3)	0.48ppm
6967	(6969, 6970)	(3, 3)	0.43ppm
6993	(6998, 6999)	(3, 3)	0.71ppm
7518	(7523, 7524)	(3, 3)	0.31ppm
7808	(7814, 7815)	(3, 3)	1.38ppm
8247	(8251, 8252)	(4, 4)	0.61ppm
8351	(8353, 8354)	(3, 3)	0.19ppm
8599	(8601, 8602)	(3, 3)	0.41ppm
9767	(9768, 9769)	(3, 3)	0.06ppm
13737	(13741, 13742)	(3, 3)	0.74ppm
14679	(14684, 14685)	(3, 3)	0.17ppm
14686	(14688, 14689)	(3, 3)	0.55ppm
14960	(14962, 14963)	(4, 4)	0.86ppm
15025	(15029, 15030)	(3, 3)	4.32ppm
15035	(15037, 15038)	(3, 3)	0.35ppm
15219	(15221, 15222)	(3, 3)	1.69ppm
15723	(15728, 15729)	(3, 3)	0.57ppm
16701	(16706, 16707)	(3, 3)	1.17ppm
16857	(16859, 16860)	(3, 3)	0.54ppm
16899	(16902, 16903)	(5, 5)	10.86ppm
17908	(17910, 17911)	(3, 3)	2.16ppm
18628	(18633, 18634)	(3, 3)	0.69ppm
18688	(18690, 18691)	(5, 5)	0.32ppm
19026	(19028, 19029)	(4, 4)	0.38ppm
19537	(19539, 19540)	(3, 3)	1.07ppm
19606	(19608, 19609)	(3, 3)	2.4ppm
19716	(19718, 19719)	(3, 3)	0.44ppm
20016	(20018, 20019)	(3, 3)	0.5ppm
21199	(21201, 21202)	(3, 3)	5.08ppm
21511	(21513, 21514)	(3, 3)	0.5ppm
21755	(21759, 21760)	(3, 0)	7.44ppm
21974	(21976, 21977)	(3, 0)	16.44ppm
22106	(22111, 22112)	(4, 4)	0.6ppm
22295	(22297, 22298)	(4, 4)	0.71ppm
22363	(22365, 22366)	(3, 3)	1.85ppm
22460	(22462, 22463)	(3, 3)	0.17ppm
22515	(22520, 22521)	(3, 0)	2.03ppm
22548	(22550, 22551)	(3, 3)	0.99ppm
23118	(23120, 23121)	(4, 4)	1.41ppm
23162	(23167, 23168)	(4, 4)	0.62ppm
23573	(23575, 23576)	(4, 4)	17.43ppm
23829	(23831, 23832)	(5, 5)	4.98ppm
23968	(23970, 23971)	(3, 3)	3.12ppm
24377	(24379, 24380)	(3, 3)	3.62ppm
24419	(24420, 24421)	(3, 0)	0.76ppm
25217	(25219, 25220)	(3, 3)	8.61ppm
25346	(25348, 25349)	(3, 3)	4.03ppm
