2078	(2079, 2080)	(3, 3)	0.79ppm
2078	(2081, 2082)	(3, 3)	1.22ppm
2161	(2162, 2163)	(3, 3)	0.97ppm
2161	(2164, 2165)	(3, 3)	3.97ppm
2213	(2215, 2216)	(3, 3)	1.11ppm
2213	(2217, 2218)	(3, 3)	4.59ppm
2273	(2275, 2276)	(3, 3)	0.55ppm
2273	(2277, 2278)	(3, 3)	0.32ppm
2468	(2470, 2471)	(3, 3)	0.14ppm
2468	(2472, 2473)	(2, 2)	2.09ppm
2474	(2476, 2477)	(3, 3)	1.5ppm
2474	(2478, 2479)	(3, 3)	1.65ppm
2499	(2501, 2502)	(3, 3)	0.31ppm
2499	(2503, 2504)	(3, 3)	0.4ppm
2882	(2883, 2884)	(3, 3)	0.4ppm
2882	(2885, 2886)	(3, 0)	3.03ppm
2906	(2908, 2909)	(3, 3)	0.43ppm
2906	(2910, 2911)	(2, 2)	0.41ppm
2916	(2917, 2918)	(3, 3)	0.56ppm
2916	(2919, 2920)	(3, 3)	1.83ppm
3021	(3022, 3023)	(3, 3)	3.13ppm
3021	(3024, 3025)	(3, 3)	0.84ppm
3102	(3103, 3104)	(3, 3)	0.6ppm
3102	(3105, 3106)	(3, 0)	2.0ppm
3115	(3117, 3118)	(3, 3)	1.16ppm
3115	(3119, 3120)	(2, 2)	0.41ppm
3132	(3133, 3134)	(3, 3)	0.37ppm
3132	(3135, 3136)	(3, 3)	1.6ppm
3178	(3179, 3180)	(3, 3)	6.36ppm
3178	(3181, 3182)	(3, 3)	0.98ppm
3339	(3340, 3341)	(2, 2)	22.71ppm
3339	(3342, 3343)	(3, 3)	0.4ppm
3388	(3391, 3392)	(3, 3)	0.73ppm
3388	(3393, 3394)	(2, 2)	1.2ppm
3405	(3407, 3408)	(3, 3)	1.1ppm
3405	(3409, 3410)	(3, 3)	0.37ppm
3428	(3430, 3431)	(3, 3)	0.46ppm
3428	(3432, 3433)	(2, 2)	2.85ppm
3450	(3452, 3453)	(3, 3)	0.31ppm
3450	(3454, 3455)	(2, 2)	3.71ppm
3451	(3456, 3457)	(3, 3)	0.47ppm
3451	(3458, 3459)	(3, 0)	1.24ppm
3700	(3705, 3706)	(3, 3)	0.34ppm
3700	(3707, 3708)	(3, 3)	0.58ppm
3982	(3987, 3988)	(2, 2)	0.0ppm
3982	(3989, 3990)	(3, 3)	0.27ppm
4275	(4277, 4278)	(3, 3)	0.45ppm
4275	(4279, 4280)	(3, 3)	0.18ppm
4294	(4295, 4296)	(3, 3)	0.35ppm
4294	(4297, 4298)	(3, 3)	5.33ppm
4308	(4309, 4310)	(3, 3)	0.35ppm
4308	(4311, 4312)	(3, 3)	1.56ppm
4436	(4441, 4442)	(3, 3)	0.34ppm
4436	(4443, 4444)	(3, 3)	1.51ppm
4609	(4611, 4612)	(3, 3)	0.21ppm
4609	(4613, 4614)	(2, 2)	1.6ppm
5478	(5480, 5481)	(3, 3)	0.17ppm
5478	(5482, 5483)	(3, 3)	0.04ppm
5753	(5754, 5755)	(3, 3)	1.11ppm
5753	(5756, 5757)	(3, 3)	5.36ppm
5804	(5805, 5806)	(4, 4)	0.91ppm
5804	(5807, 5808)	(2, 2)	0.42ppm
5847	(5849, 5850)	(3, 3)	0.45ppm
5847	(5851, 5852)	(2, 2)	0.48ppm
5860	(5865, 5866)	(4, 4)	1.09ppm
5860	(5867, 5868)	(4, 4)	2.36ppm
5991	(5993, 5994)	(3, 3)	0.49ppm
5991	(5995, 5996)	(2, 2)	0.0ppm
6125	(6130, 6131)	(3, 3)	1.13ppm
6125	(6132, 6133)	(2, 2)	1.93ppm
6279	(6280, 6281)	(3, 3)	0.86ppm
6279	(6282, 6283)	(2, 2)	3.24ppm
6383	(6388, 6389)	(3, 3)	5.72ppm
6383	(6390, 6391)	(3, 3)	2.36ppm
6392	(6394, 6395)	(3, 3)	0.13ppm
6392	(6396, 6397)	(2, 2)	2.72ppm
6621	(6623, 6624)	(3, 3)	1.17ppm
6621	(6625, 6626)	(2, 2)	1.17ppm
6859	(6861, 6862)	(3, 3)	1.0ppm
6859	(6863, 6864)	(3, 3)	0.23ppm
7108	(7110, 7111)	(3, 3)	3.83ppm
7108	(7112, 7113)	(2, 2)	2.85ppm
7219	(7224, 7225)	(3, 3)	0.15ppm
7219	(7226, 7227)	(3, 3)	1.06ppm
7276	(7279, 7280)	(3, 3)	0.08ppm
7276	(7281, 7282)	(2, 2)	0.39ppm
7284	(7287, 7288)	(4, 4)	1.33ppm
7284	(7289, 7290)	(2, 2)	0.31ppm
7370	(7375, 7376)	(5, 5)	0.37ppm
7370	(7377, 7378)	(2, 2)	1.96ppm
7380	(7382, 7383)	(3, 3)	0.37ppm
7380	(7384, 7385)	(3, 3)	2.59ppm
7434	(7436, 7437)	(3, 3)	1.54ppm
7434	(7438, 7439)	(2, 2)	0.15ppm
7445	(7449, 7450)	(3, 3)	0.59ppm
7445	(7451, 7452)	(3, 3)	2.32ppm
7458	(7463, 7464)	(3, 3)	0.42ppm
7458	(7465, 7466)	(3, 0)	0.8ppm
7471	(7476, 7477)	(3, 3)	0.77ppm
7471	(7478, 7479)	(3, 3)	1.8ppm
7558	(7563, 7564)	(5, 5)	0.74ppm
7558	(7565, 7566)	(3, 3)	2.99ppm
7584	(7586, 7587)	(3, 3)	1.48ppm
7584	(7588, 7589)	(3, 3)	1.04ppm
7615	(7617, 7618)	(4, 4)	1.63ppm
7615	(7619, 7620)	(3, 3)	0.77ppm
7616	(7621, 7622)	(3, 3)	0.16ppm
7616	(7623, 7624)	(2, 2)	0.97ppm
7686	(7690, 7691)	(3, 3)	1.64ppm
7686	(7692, 7693)	(3, 3)	8.91ppm
7782	(7787, 7788)	(3, 3)	0.68ppm
7782	(7789, 7790)	(2, 2)	3.41ppm
7797	(7799, 7800)	(3, 3)	0.48ppm
7797	(7801, 7802)	(2, 2)	0.0ppm
7809	(7816, 7817)	(3, 3)	0.15ppm
7809	(7818, 7819)	(3, 3)	0.07ppm
7824	(7826, 7827)	(3, 3)	1.23ppm
7824	(7828, 7829)	(3, 3)	0.07ppm
7831	(7833, 7834)	(3, 3)	0.07ppm
7831	(7835, 7836)	(3, 3)	3.79ppm
7843	(7848, 7849)	(5, 5)	2.23ppm
7843	(7850, 7851)	(3, 3)	1.42ppm
7954	(7957, 7958)	(3, 3)	0.59ppm
7954	(7959, 7960)	(3, 3)	3.84ppm
7963	(7965, 7966)	(4, 4)	1.48ppm
7963	(7967, 7968)	(3, 3)	1.62ppm
8019	(8024, 8025)	(3, 3)	1.45ppm
8019	(8026, 8027)	(3, 3)	3.7ppm
8030	(8035, 8036)	(3, 3)	0.52ppm
8030	(8037, 8038)	(3, 3)	7.11ppm
8156	(8158, 8159)	(3, 3)	0.43ppm
8156	(8160, 8161)	(2, 2)	5.47ppm
8196	(8198, 8199)	(2, 2)	1.02ppm
8196	(8200, 8201)	(3, 3)	0.41ppm
8236	(8238, 8239)	(3, 3)	0.49ppm
8236	(8240, 8241)	(3, 3)	1.17ppm
8342	(8347, 8348)	(3, 3)	0.6ppm
8342	(8349, 8350)	(3, 3)	8.57ppm
8370	(8372, 8373)	(3, 3)	1.17ppm
8370	(8374, 8375)	(3, 3)	0.99ppm
8380	(8382, 8383)	(3, 3)	0.07ppm
8380	(8384, 8385)	(3, 3)	24.46ppm
8432	(8434, 8435)	(4, 4)	0.59ppm
8432	(8436, 8437)	(3, 3)	4.79ppm
8520	(8525, 8526)	(2, 2)	1.17ppm
8520	(8527, 8528)	(3, 3)	0.48ppm
8666	(8668, 8669)	(3, 3)	0.93ppm
8666	(8670, 8671)	(2, 2)	0.8ppm
8719	(8721, 8722)	(3, 3)	1.27ppm
8719	(8723, 8724)	(2, 2)	9.54ppm
8733	(8735, 8736)	(4, 4)	1.02ppm
8733	(8737, 8738)	(4, 4)	2.96ppm
8739	(8741, 8742)	(3, 3)	0.04ppm
8739	(8743, 8744)	(3, 3)	6.7ppm
8789	(8791, 8792)	(3, 3)	0.53ppm
8789	(8793, 8794)	(3, 3)	0.37ppm
8812	(8814, 8815)	(3, 3)	1.92ppm
8812	(8816, 8817)	(3, 3)	0.99ppm
8853	(8855, 8856)	(4, 4)	1.94ppm
8853	(8857, 8858)	(3, 3)	0.66ppm
8886	(8888, 8889)	(2, 2)	0.73ppm
8886	(8890, 8891)	(3, 3)	0.37ppm
8887	(8892, 8893)	(2, 2)	0.75ppm
8887	(8894, 8895)	(4, 4)	1.04ppm
8990	(8995, 8996)	(3, 3)	0.64ppm
8990	(8997, 8998)	(2, 2)	1.92ppm
9038	(9040, 9041)	(3, 3)	0.9ppm
9038	(9042, 9043)	(3, 3)	0.17ppm
9061	(9063, 9064)	(4, 4)	1.76ppm
9061	(9065, 9066)	(4, 4)	1.77ppm
9073	(9075, 9076)	(3, 3)	0.97ppm
9073	(9077, 9078)	(2, 2)	1.9ppm
9190	(9192, 9193)	(4, 4)	1.08ppm
9190	(9194, 9195)	(4, 4)	1.08ppm
9217	(9222, 9223)	(3, 3)	1.05ppm
9217	(9224, 9225)	(3, 3)	3.18ppm
9400	(9401, 9402)	(3, 3)	0.86ppm
9400	(9403, 9404)	(2, 2)	0.73ppm
9407	(9412, 9413)	(3, 3)	0.45ppm
9407	(9414, 9415)	(2, 2)	0.3ppm
9471	(9472, 9473)	(3, 3)	23.6ppm
9471	(9474, 9475)	(3, 3)	25.06ppm
10066	(10070, 10071)	(2, 2)	0.15ppm
10066	(10072, 10073)	(4, 4)	0.59ppm
10170	(10172, 10173)	(3, 3)	0.06ppm
10170	(10174, 10175)	(3, 3)	3.14ppm
10176	(10178, 10179)	(3, 3)	2.14ppm
10176	(10180, 10181)	(2, 2)	2.14ppm
10194	(10196, 10197)	(3, 3)	0.31ppm
10194	(10198, 10199)	(3, 3)	0.62ppm
10219	(10224, 10225)	(3, 3)	0.52ppm
10219	(10226, 10227)	(2, 2)	0.58ppm
10254	(10257, 10258)	(3, 3)	0.41ppm
10254	(10259, 10260)	(3, 3)	1.38ppm
10297	(10299, 10300)	(3, 3)	4.54ppm
10297	(10301, 10302)	(3, 3)	16.53ppm
10465	(10468, 10469)	(3, 3)	1.11ppm
10465	(10470, 10471)	(3, 3)	28.5ppm
10532	(10534, 10535)	(3, 3)	0.49ppm
10532	(10536, 10537)	(3, 3)	17.86ppm
10585	(10586, 10587)	(3, 3)	2.37ppm
10585	(10588, 10589)	(2, 2)	6.88ppm
10609	(10611, 10612)	(3, 3)	0.22ppm
10609	(10613, 10614)	(2, 2)	0.0ppm
10669	(10671, 10672)	(3, 3)	0.7ppm
10669	(10673, 10674)	(2, 2)	0.66ppm
10679	(10681, 10682)	(3, 3)	0.62ppm
10679	(10683, 10684)	(2, 2)	0.22ppm
10741	(10746, 10747)	(3, 3)	2.03ppm
10741	(10748, 10749)	(3, 3)	0.91ppm
10758	(10760, 10761)	(4, 4)	2.44ppm
10758	(10762, 10763)	(2, 2)	0.76ppm
10790	(10793, 10794)	(3, 3)	1.94ppm
10790	(10795, 10796)	(2, 2)	0.19ppm
10821	(10823, 10824)	(4, 4)	2.43ppm
10821	(10825, 10826)	(2, 2)	0.37ppm
10845	(10849, 10850)	(3, 3)	0.31ppm
10845	(10851, 10852)	(2, 2)	0.43ppm
10883	(10888, 10889)	(3, 3)	0.74ppm
10883	(10890, 10891)	(3, 3)	6.46ppm
10934	(10936, 10937)	(3, 3)	1.34ppm
10934	(10938, 10939)	(3, 3)	8.45ppm
11006	(11008, 11009)	(3, 3)	0.73ppm
11006	(11010, 11011)	(3, 3)	6.46ppm
11058	(11059, 11060)	(3, 3)	0.12ppm
11058	(11061, 11062)	(3, 3)	19.23ppm
11284	(11286, 11287)	(3, 3)	0.06ppm
11284	(11288, 11289)	(2, 2)	10.18ppm
11365	(11367, 11368)	(3, 3)	1.24ppm
11365	(11369, 11370)	(2, 2)	4.29ppm
11433	(11435, 11436)	(3, 3)	2.74ppm
11433	(11437, 11438)	(3, 3)	0.74ppm
11486	(11488, 11489)	(3, 3)	7.12ppm
11486	(11490, 11491)	(2, 2)	3.84ppm
11497	(11499, 11500)	(3, 3)	1.35ppm
11497	(11501, 11502)	(3, 3)	4.33ppm
11498	(11503, 11504)	(4, 4)	0.81ppm
11498	(11505, 11506)	(3, 3)	1.26ppm
11622	(11624, 11625)	(3, 3)	0.74ppm
11622	(11626, 11627)	(3, 3)	2.12ppm
11623	(11628, 11629)	(4, 4)	1.41ppm
11623	(11630, 11631)	(4, 4)	0.85ppm
11688	(11693, 11694)	(3, 3)	1.32ppm
11688	(11695, 11696)	(3, 3)	8.31ppm
11729	(11734, 11735)	(3, 3)	0.8ppm
11729	(11736, 11737)	(3, 3)	1.01ppm
11753	(11755, 11756)	(3, 3)	1.29ppm
11753	(11757, 11758)	(3, 3)	9.28ppm
11763	(11765, 11766)	(3, 3)	0.98ppm
11763	(11767, 11768)	(3, 3)	0.64ppm
11764	(11769, 11770)	(4, 4)	1.06ppm
11764	(11771, 11772)	(4, 4)	0.26ppm
11774	(11779, 11780)	(3, 3)	1.23ppm
11774	(11781, 11782)	(3, 3)	0.03ppm
11785	(11790, 11791)	(4, 4)	0.12ppm
11785	(11792, 11793)	(4, 4)	2.65ppm
11795	(11800, 11801)	(4, 4)	1.09ppm
11795	(11802, 11803)	(4, 4)	0.65ppm
11804	(11806, 11807)	(3, 3)	3.25ppm
11804	(11808, 11809)	(3, 3)	0.73ppm
11811	(11813, 11814)	(3, 3)	1.5ppm
11811	(11815, 11816)	(3, 3)	0.61ppm
11842	(11844, 11845)	(3, 3)	1.46ppm
11842	(11846, 11847)	(3, 3)	3.2ppm
11843	(11848, 11849)	(4, 4)	1.08ppm
11843	(11850, 11851)	(3, 3)	0.71ppm
11905	(11910, 11911)	(3, 3)	3.67ppm
11905	(11912, 11913)	(3, 3)	6.08ppm
11915	(11919, 11920)	(3, 3)	0.14ppm
11915	(11921, 11922)	(3, 3)	15.4ppm
12190	(12192, 12193)	(3, 3)	1.96ppm
12190	(12194, 12195)	(3, 3)	0.74ppm
12201	(12206, 12207)	(4, 4)	1.22ppm
12201	(12208, 12209)	(4, 4)	0.68ppm
12229	(12231, 12232)	(3, 3)	2.66ppm
12229	(12233, 12234)	(3, 3)	3.7ppm
12264	(12269, 12270)	(5, 5)	0.0ppm
12264	(12271, 12272)	(5, 5)	0.37ppm
12315	(12319, 12320)	(4, 4)	0.94ppm
12315	(12321, 12322)	(4, 4)	0.94ppm
12381	(12386, 12387)	(3, 3)	0.63ppm
12381	(12388, 12389)	(3, 3)	0.58ppm
12411	(12413, 12414)	(3, 3)	0.78ppm
12411	(12415, 12416)	(3, 3)	0.03ppm
12431	(12433, 12434)	(3, 3)	0.86ppm
12431	(12435, 12436)	(3, 3)	0.77ppm
12474	(12476, 12477)	(3, 3)	0.28ppm
12474	(12478, 12479)	(3, 3)	0.16ppm
12494	(12496, 12497)	(4, 4)	0.65ppm
12494	(12498, 12499)	(4, 4)	0.64ppm
12495	(12500, 12501)	(3, 3)	0.52ppm
12495	(12502, 12503)	(2, 2)	5.71ppm
12537	(12539, 12540)	(3, 3)	0.54ppm
12537	(12541, 12542)	(3, 3)	3.41ppm
12671	(12676, 12677)	(2, 2)	3.57ppm
12671	(12678, 12679)	(3, 3)	1.24ppm
12680	(12682, 12683)	(3, 3)	0.12ppm
12680	(12684, 12685)	(3, 3)	2.16ppm
12864	(12869, 12870)	(3, 3)	0.13ppm
12864	(12871, 12872)	(3, 3)	1.71ppm
12884	(12888, 12889)	(3, 3)	0.04ppm
12884	(12890, 12891)	(3, 3)	5.17ppm
13091	(13093, 13094)	(3, 3)	0.2ppm
13091	(13095, 13096)	(3, 3)	0.79ppm
13172	(13174, 13175)	(3, 3)	0.6ppm
13172	(13176, 13177)	(3, 3)	1.21ppm
13369	(13374, 13375)	(3, 3)	0.34ppm
13369	(13376, 13377)	(3, 3)	1.19ppm
13427	(13429, 13430)	(3, 3)	0.04ppm
13427	(13431, 13432)	(2, 2)	5.92ppm
13658	(13663, 13664)	(3, 3)	0.92ppm
13658	(13665, 13666)	(3, 3)	1.07ppm
13744	(13746, 13747)	(2, 2)	20.67ppm
13744	(13748, 13749)	(4, 4)	0.43ppm
13983	(13985, 13986)	(4, 4)	0.35ppm
13983	(13987, 13988)	(3, 3)	2.35ppm
14002	(14007, 14008)	(3, 3)	2.0ppm
14002	(14009, 14010)	(2, 2)	1.3ppm
14168	(14173, 14174)	(3, 3)	1.16ppm
14168	(14175, 14176)	(3, 3)	2.34ppm
14306	(14308, 14309)	(3, 3)	0.17ppm
14306	(14310, 14311)	(3, 0)	16.47ppm
14377	(14379, 14380)	(3, 3)	1.52ppm
14377	(14381, 14382)	(2, 2)	6.22ppm
14398	(14400, 14401)	(3, 3)	0.66ppm
14398	(14402, 14403)	(4, 4)	2.71ppm
14609	(14611, 14612)	(3, 3)	1.15ppm
14609	(14613, 14614)	(3, 3)	2.15ppm
14630	(14632, 14633)	(3, 3)	1.61ppm
14630	(14634, 14635)	(2, 2)	2.58ppm
14703	(14705, 14706)	(3, 3)	0.69ppm
14703	(14707, 14708)	(3, 3)	1.94ppm
14740	(14745, 14746)	(3, 3)	0.76ppm
14740	(14747, 14748)	(2, 2)	1.55ppm
14764	(14766, 14767)	(3, 3)	0.32ppm
14764	(14768, 14769)	(2, 2)	4.04ppm
14807	(14812, 14813)	(3, 3)	0.8ppm
14807	(14814, 14815)	(2, 2)	0.73ppm
14987	(14989, 14990)	(3, 3)	1.38ppm
14987	(14991, 14992)	(3, 3)	5.06ppm
15199	(15204, 15205)	(4, 4)	1.59ppm
15199	(15206, 15207)	(4, 4)	0.86ppm
15321	(15326, 15327)	(5, 5)	0.0ppm
15321	(15328, 15329)	(3, 3)	2.03ppm
15423	(15428, 15429)	(5, 5)	5.67ppm
15423	(15430, 15431)	(5, 5)	4.44ppm
15519	(15524, 15525)	(4, 4)	1.56ppm
15519	(15526, 15527)	(4, 4)	1.39ppm
15573	(15575, 15576)	(3, 3)	6.43ppm
15573	(15577, 15578)	(3, 3)	10.0ppm
15658	(15663, 15664)	(3, 3)	0.24ppm
15658	(15665, 15666)	(3, 3)	0.27ppm
15699	(15701, 15702)	(3, 3)	0.39ppm
15699	(15703, 15704)	(2, 2)	0.25ppm
15786	(15788, 15789)	(5, 5)	0.21ppm
15786	(15790, 15791)	(5, 5)	1.64ppm
15798	(15803, 15804)	(3, 3)	0.27ppm
15798	(15805, 15806)	(3, 3)	0.16ppm
15907	(15912, 15913)	(4, 4)	1.13ppm
15907	(15914, 15915)	(4, 4)	1.74ppm
15927	(15929, 15930)	(3, 3)	1.66ppm
15927	(15931, 15932)	(2, 2)	0.84ppm
15972	(15977, 15978)	(3, 3)	1.65ppm
15972	(15979, 15980)	(3, 3)	4.01ppm
15982	(15987, 15988)	(3, 3)	0.35ppm
15982	(15989, 15990)	(3, 3)	0.9ppm
16003	(16008, 16009)	(3, 3)	1.63ppm
16003	(16010, 16011)	(3, 3)	0.96ppm
16012	(16014, 16015)	(3, 3)	1.87ppm
16012	(16016, 16017)	(2, 2)	1.16ppm
16108	(16113, 16114)	(3, 3)	1.5ppm
16108	(16115, 16116)	(3, 3)	3.48ppm
16213	(16215, 16216)	(3, 3)	1.35ppm
16213	(16217, 16218)	(3, 3)	3.69ppm
16278	(16280, 16281)	(3, 3)	0.97ppm
16278	(16282, 16283)	(3, 3)	3.78ppm
16321	(16323, 16324)	(3, 3)	0.04ppm
16321	(16325, 16326)	(2, 2)	4.87ppm
16351	(16353, 16354)	(5, 5)	0.29ppm
16351	(16355, 16356)	(3, 3)	3.01ppm
16469	(16471, 16472)	(4, 4)	0.87ppm
16469	(16473, 16474)	(2, 2)	0.47ppm
16625	(16627, 16628)	(2, 2)	0.74ppm
16625	(16629, 16630)	(3, 3)	0.73ppm
16626	(16631, 16632)	(3, 3)	0.08ppm
16626	(16633, 16634)	(3, 3)	0.27ppm
16658	(16663, 16664)	(3, 3)	1.86ppm
16658	(16665, 16666)	(3, 3)	0.95ppm
16698	(16702, 16703)	(3, 3)	1.05ppm
16698	(16704, 16705)	(3, 3)	1.43ppm
16740	(16745, 16746)	(3, 3)	1.28ppm
16740	(16747, 16748)	(3, 3)	1.4ppm
16872	(16874, 16875)	(3, 3)	1.34ppm
16872	(16876, 16877)	(2, 2)	1.28ppm
16889	(16894, 16895)	(4, 4)	1.09ppm
16889	(16896, 16897)	(2, 2)	5.22ppm
16922	(16927, 16928)	(5, 5)	0.2ppm
16922	(16929, 16930)	(5, 5)	0.49ppm
16971	(16973, 16974)	(2, 2)	0.77ppm
16971	(16975, 16976)	(3, 3)	7.94ppm
17046	(17051, 17052)	(5, 5)	0.98ppm
17046	(17053, 17054)	(5, 5)	1.37ppm
17057	(17059, 17060)	(4, 4)	1.13ppm
17057	(17061, 17062)	(4, 4)	0.17ppm
17176	(17181, 17182)	(4, 4)	2.06ppm
17176	(17183, 17184)	(2, 2)	2.57ppm
17281	(17283, 17284)	(5, 5)	1.29ppm
17281	(17285, 17286)	(5, 5)	4.23ppm
17497	(17499, 17500)	(4, 4)	0.55ppm
17497	(17501, 17502)	(4, 4)	2.02ppm
17603	(17605, 17606)	(4, 4)	0.94ppm
17603	(17607, 17608)	(2, 2)	0.16ppm
17609	(17611, 17612)	(3, 3)	0.86ppm
17609	(17613, 17614)	(2, 2)	0.0ppm
17860	(17862, 17863)	(3, 3)	5.72ppm
17860	(17864, 17865)	(3, 0)	5.0ppm
17978	(17980, 17981)	(3, 3)	1.31ppm
17978	(17982, 17983)	(3, 3)	1.88ppm
17992	(17997, 17998)	(3, 3)	1.19ppm
17992	(17999, 18000)	(3, 3)	3.2ppm
18083	(18088, 18089)	(3, 3)	2.15ppm
18083	(18090, 18091)	(4, 4)	0.31ppm
18241	(18246, 18247)	(3, 3)	0.78ppm
18241	(18248, 18249)	(3, 3)	1.15ppm
18298	(18303, 18304)	(4, 4)	0.25ppm
18298	(18305, 18306)	(4, 4)	0.95ppm
18318	(18323, 18324)	(3, 3)	0.45ppm
18318	(18325, 18326)	(3, 3)	0.66ppm
18349	(18353, 18354)	(3, 3)	2.46ppm
18349	(18355, 18356)	(4, 4)	9.55ppm
18495	(18497, 18498)	(2, 2)	1.47ppm
18495	(18499, 18500)	(3, 0)	20.67ppm
18543	(18545, 18546)	(3, 3)	7.39ppm
18543	(18547, 18548)	(2, 2)	5.5ppm
18544	(18549, 18550)	(3, 3)	1.62ppm
18544	(18551, 18552)	(3, 3)	1.42ppm
18637	(18639, 18640)	(3, 3)	2.4ppm
18637	(18641, 18642)	(3, 3)	0.34ppm
18638	(18643, 18644)	(4, 4)	0.63ppm
18638	(18645, 18646)	(4, 4)	0.14ppm
18854	(18859, 18860)	(3, 3)	1.36ppm
18854	(18861, 18862)	(3, 3)	0.6ppm
18891	(18893, 18894)	(3, 3)	1.26ppm
18891	(18895, 18896)	(3, 3)	0.5ppm
18892	(18897, 18898)	(4, 4)	0.25ppm
18892	(18899, 18900)	(4, 4)	1.89ppm
19013	(19017, 19018)	(3, 3)	0.6ppm
19013	(19019, 19020)	(3, 3)	0.03ppm
19016	(19021, 19022)	(3, 3)	1.55ppm
19016	(19023, 19024)	(3, 3)	3.68ppm
19103	(19105, 19106)	(4, 4)	2.88ppm
19103	(19107, 19108)	(2, 2)	0.23ppm
19104	(19109, 19110)	(3, 3)	0.77ppm
19104	(19111, 19112)	(3, 3)	1.97ppm
19137	(19142, 19143)	(3, 3)	0.03ppm
19137	(19144, 19145)	(3, 3)	2.33ppm
19182	(19184, 19185)	(3, 0)	2.1ppm
19182	(19186, 19187)	(3, 3)	12.69ppm
19204	(19208, 19209)	(5, 5)	0.59ppm
19204	(19210, 19211)	(5, 5)	1.86ppm
19319	(19324, 19325)	(3, 3)	0.16ppm
19319	(19326, 19327)	(2, 2)	0.31ppm
19342	(19344, 19345)	(3, 3)	0.99ppm
19342	(19346, 19347)	(3, 0)	12.48ppm
19407	(19411, 19412)	(3, 3)	0.76ppm
19407	(19413, 19414)	(3, 3)	0.76ppm
19410	(19415, 19416)	(3, 3)	1.59ppm
19410	(19417, 19418)	(3, 3)	4.62ppm
19461	(19463, 19464)	(3, 3)	1.38ppm
19461	(19465, 19466)	(3, 3)	2.52ppm
19462	(19467, 19468)	(3, 3)	1.35ppm
19462	(19469, 19470)	(3, 3)	6.53ppm
19581	(19583, 19584)	(3, 3)	1.02ppm
19581	(19585, 19586)	(5, 5)	2.34ppm
19752	(19754, 19755)	(5, 5)	1.47ppm
19752	(19756, 19757)	(3, 3)	0.95ppm
19762	(19764, 19765)	(4, 4)	2.62ppm
19762	(19766, 19767)	(4, 4)	8.95ppm
19999	(20001, 20002)	(3, 3)	1.34ppm
19999	(20003, 20004)	(3, 3)	3.09ppm
20017	(20021, 20022)	(4, 4)	0.45ppm
20017	(20023, 20024)	(2, 2)	0.68ppm
20209	(20211, 20212)	(3, 3)	0.59ppm
20209	(20213, 20214)	(3, 3)	2.81ppm
20332	(20334, 20335)	(3, 3)	0.21ppm
20332	(20336, 20337)	(3, 3)	1.77ppm
20362	(20364, 20365)	(3, 3)	2.92ppm
20362	(20366, 20367)	(3, 3)	1.26ppm
20373	(20375, 20376)	(4, 4)	0.23ppm
20373	(20377, 20378)	(3, 3)	2.71ppm
20389	(20391, 20392)	(3, 3)	4.93ppm
20389	(20393, 20394)	(3, 3)	2.45ppm
20396	(20401, 20402)	(3, 3)	0.21ppm
20396	(20403, 20404)	(3, 3)	0.55ppm
20419	(20421, 20422)	(3, 3)	3.19ppm
20419	(20423, 20424)	(3, 3)	4.1ppm
20471	(20473, 20474)	(3, 3)	1.02ppm
20471	(20475, 20476)	(3, 3)	0.19ppm
20513	(20515, 20516)	(3, 3)	0.6ppm
20513	(20517, 20518)	(3, 3)	7.6ppm
20612	(20614, 20615)	(3, 3)	3.16ppm
20612	(20616, 20617)	(3, 3)	0.68ppm
20647	(20651, 20652)	(4, 4)	0.77ppm
20647	(20653, 20654)	(4, 4)	10.18ppm
20680	(20682, 20683)	(4, 4)	0.52ppm
20680	(20684, 20685)	(2, 2)	5.64ppm
20687	(20689, 20690)	(3, 3)	1.18ppm
20687	(20691, 20692)	(3, 3)	1.1ppm
20727	(20730, 20731)	(3, 3)	1.25ppm
20727	(20732, 20733)	(2, 2)	4.89ppm
20739	(20741, 20742)	(4, 4)	1.9ppm
20739	(20743, 20744)	(4, 4)	1.34ppm
20805	(20807, 20808)	(4, 4)	0.24ppm
20805	(20809, 20810)	(3, 3)	1.34ppm
20865	(20870, 20871)	(3, 3)	2.33ppm
20865	(20872, 20873)	(3, 3)	0.79ppm
20949	(20951, 20952)	(3, 3)	0.15ppm
20949	(20953, 20954)	(3, 3)	1.03ppm
20960	(20965, 20966)	(3, 3)	1.13ppm
20960	(20967, 20968)	(4, 4)	6.9ppm
20969	(20971, 20972)	(3, 3)	2.4ppm
20969	(20973, 20974)	(3, 3)	1.17ppm
21021	(21026, 21027)	(3, 3)	0.39ppm
21021	(21028, 21029)	(3, 3)	2.49ppm
21038	(21043, 21044)	(3, 3)	3.87ppm
21038	(21045, 21046)	(4, 4)	12.28ppm
21124	(21126, 21127)	(4, 4)	3.17ppm
21124	(21128, 21129)	(4, 4)	3.79ppm
21141	(21143, 21144)	(3, 3)	0.91ppm
21141	(21145, 21146)	(4, 4)	3.22ppm
21587	(21589, 21590)	(3, 3)	1.03ppm
21587	(21591, 21592)	(3, 3)	0.12ppm
21656	(21658, 21659)	(5, 5)	0.65ppm
21656	(21660, 21661)	(2, 2)	0.61ppm
21777	(21782, 21783)	(2, 2)	1.63ppm
21777	(21784, 21785)	(3, 3)	2.69ppm
21945	(21950, 21951)	(3, 3)	0.61ppm
21945	(21952, 21953)	(3, 3)	0.06ppm
22199	(22202, 22203)	(3, 3)	11.1ppm
22199	(22204, 22205)	(3, 3)	0.88ppm
22277	(22279, 22280)	(3, 3)	0.12ppm
22277	(22281, 22282)	(3, 3)	5.1ppm
22389	(22391, 22392)	(3, 3)	1.34ppm
22389	(22393, 22394)	(3, 0)	0.39ppm
22410	(22412, 22413)	(3, 3)	4.28ppm
22410	(22414, 22415)	(3, 3)	0.04ppm
22896	(22898, 22899)	(3, 3)	1.07ppm
22896	(22900, 22901)	(2, 2)	0.09ppm
22984	(22986, 22987)	(3, 3)	3.95ppm
22984	(22988, 22989)	(5, 5)	11.24ppm
23210	(23212, 23213)	(3, 3)	5.81ppm
23210	(23214, 23215)	(3, 3)	8.74ppm
23553	(23556, 23557)	(5, 5)	1.66ppm
23553	(23558, 23559)	(3, 0)	1.08ppm
23599	(23601, 23602)	(3, 3)	3.03ppm
23599	(23603, 23604)	(3, 0)	20.25ppm
23679	(23681, 23682)	(2, 2)	0.44ppm
23679	(23683, 23684)	(3, 3)	1.95ppm
24032	(24034, 24035)	(3, 3)	1.63ppm
24032	(24036, 24037)	(3, 3)	5.15ppm
24971	(24973, 24974)	(3, 3)	3.75ppm
24971	(24975, 24976)	(3, 3)	0.9ppm
