11.49
0.72
1.09
0.79
1.22
0.39
0.15
0.97
3.97
2.51
1.05
0.29
23.2
1.11
4.59
1.95
1.1
0.72
0.08
1.24
0.57
0.55
0.32
0.48
3.51
0.14
0.57
5.43
0.15
1.03
6.31
0.45
0.61
13.45
22.9
1.11
2.28
2.58
0.22
0.31
1.15
1.58
5.84
0.07
0.3
1.15
0.14
2.09
1.5
1.65
0.5
0.16
0.31
0.4
0.48
22.79
0.48
0.8
0.16
3.62
0.93
0.42
3.23
1.11
1.36
1.59
3.0
1.63
0.3
0.39
0.32
0.37
3.06
0.27
3.98
0.69
3.37
0.08
4.91
0.4
0.76
0.38
2.08
1.1
0.43
0.41
0.56
1.83
0.35
0.91
9.0
2.9
1.25
1.61
17.25
19.51
16.74
0.3
3.13
0.84
0.89
0.76
0.45
4.77
0.15
0.45
0.14
2.24
3.52
0.6
1.93
1.92
1.16
0.41
6.72
0.15
0.37
1.6
0.52
2.23
0.45
0.42
23.85
6.36
0.98
0.16
0.6
0.38
1.99
1.95
1.96
28.06
0.9
0.45
1.45
2.3
1.2
2.3
0.72
2.19
0.9
3.56
10.63
7.89
22.71
0.4
5.14
8.77
0.86
0.14
1.65
1.05
0.89
3.53
0.43
0.6
0.73
1.2
4.97
1.93
0.74
1.1
0.37
0.21
2.78
14.1
26.57
1.07
1.11
0.46
2.85
0.07
18.3
0.07
0.94
3.95
0.31
3.71
0.47
16.47
1.08
0.51
6.21
0.46
1.46
4.73
0.78
0.11
15.47
1.3
0.0
0.34
0.45
1.5
0.9
4.93
0.41
0.75
0.08
1.78
29.3
13.93
13.7
0.66
0.48
0.93
27.05
29.1
7.2
3.66
6.61
11.35
0.67
2.83
1.54
27.56
0.66
0.96
0.71
2.57
0.43
26.57
0.44
0.96
2.16
1.26
3.42
0.07
0.21
4.07
27.12
23.69
1.5
11.25
20.17
19.14
0.22
2.29
28.02
9.08
16.54
0.07
0.75
0.14
25.58
3.15
8.62
0.34
0.58
16.55
3.0
0.22
0.48
0.44
5.64
1.69
0.35
6.33
27.05
1.27
28.3
9.53
29.1
10.97
2.09
0.09
1.2
0.16
1.41
6.78
8.36
7.07
3.27
19.63
0.56
2.21
7.95
17.38
0.0
0.49
11.31
10.93
1.11
26.18
3.27
18.36
0.64
0.16
0.27
0.32
0.38
0.0
0.37
1.47
6.35
1.09
0.0
0.16
1.09
1.37
4.51
0.16
0.0
0.46
1.08
0.33
0.49
11.91
0.19
2.29
0.8
11.75
4.08
22.66
0.74
0.46
24.46
0.6
0.0
0.27
0.0
0.57
1.62
0.29
1.11
1.28
8.95
0.54
0.15
0.46
1.28
0.46
1.72
0.16
0.32
0.76
2.35
1.98
1.49
1.49
0.97
1.11
11.04
2.34
14.7
5.97
1.86
1.32
1.37
4.24
2.35
2.98
1.44
1.94
1.43
1.86
0.32
0.15
0.31
0.46
3.69
27.73
0.74
0.76
0.32
0.94
2.23
0.57
0.14
1.95
3.01
0.75
0.48
0.65
0.8
3.4
3.39
1.25
0.15
0.48
2.34
7.79
0.37
5.77
1.12
5.99
0.47
0.22
0.48
0.97
0.94
0.22
1.03
1.67
3.66
11.25
0.73
0.18
6.47
0.62
8.76
25.58
0.0
3.67
0.92
0.34
0.0
0.48
0.19
0.16
0.37
0.77
1.53
3.18
3.51
0.45
0.18
0.63
2.36
2.71
20.38
0.35
5.33
10.03
1.94
3.76
0.35
1.56
1.39
1.43
0.18
1.43
1.44
6.01
11.5
4.88
1.33
0.88
0.93
2.45
1.41
0.16
1.68
1.08
0.54
0.32
0.76
0.73
0.32
1.99
26.06
2.24
0.32
0.73
28.66
3.16
4.78
0.45
0.48
2.1
0.39
0.31
4.47
1.4
1.28
0.34
1.51
0.32
0.8
7.03
2.01
3.97
0.56
0.19
0.16
0.8
3.5
2.28
27.86
8.68
27.23
22.14
0.0
0.81
0.16
1.78
26.17
6.05
0.61
0.48
12.55
6.05
7.87
23.62
0.48
0.65
11.92
0.0
0.19
0.16
0.19
0.15
0.18
0.16
0.74
1.6
0.21
1.6
5.83
0.64
0.37
0.21
1.23
7.14
0.16
0.45
2.03
0.15
0.56
0.8
0.8
2.22
2.07
0.16
5.41
0.46
1.67
2.04
1.88
7.76
0.16
1.62
3.21
1.37
0.16
0.8
23.83
6.0
0.0
1.46
3.98
0.16
0.32
4.06
0.32
0.48
18.95
0.16
10.35
1.53
0.8
1.5
2.35
2.29
1.05
12.92
3.14
1.98
4.79
0.16
1.07
0.8
0.0
0.96
0.32
28.4
0.63
0.15
2.71
2.67
4.32
0.0
5.74
18.14
15.51
21.67
0.48
8.49
0.82
1.5
6.66
2.39
0.32
0.37
0.16
0.37
27.54
22.31
9.88
1.82
5.61
3.64
0.32
0.74
25.8
17.87
4.83
0.32
0.19
0.47
0.0
19.07
0.96
2.91
15.33
2.07
1.31
4.21
1.6
2.59
0.48
1.48
2.78
1.06
0.34
2.01
2.81
0.31
1.88
0.8
2.78
9.05
7.88
0.16
15.87
0.37
0.35
2.78
1.76
2.63
0.62
0.64
2.41
0.19
0.32
0.56
0.57
0.09
2.36
2.87
0.0
1.86
3.45
23.19
1.06
0.45
3.0
3.34
4.12
2.39
1.95
1.33
2.71
0.46
0.0
0.0
4.2
0.31
0.16
17.05
3.05
22.82
1.17
8.6
0.18
0.38
1.12
1.86
0.19
0.94
3.19
0.66
1.27
2.91
0.64
2.41
2.55
0.33
0.0
2.11
4.0
0.16
2.27
0.0
2.07
0.0
5.49
0.0
0.0
1.62
4.19
0.9
0.96
1.13
1.38
2.07
1.53
0.0
0.37
2.1
4.27
5.61
0.0
26.26
0.56
2.08
0.73
2.32
3.87
0.62
1.87
6.43
0.59
0.91
1.49
0.74
3.21
23.7
0.63
0.88
1.04
1.41
2.6
1.77
0.37
2.83
0.32
0.56
2.87
2.39
0.48
0.34
0.23
0.59
0.05
0.17
0.04
1.05
0.08
0.18
0.23
0.16
3.01
0.93
0.76
4.15
0.32
0.56
1.28
0.22
1.73
0.46
0.64
2.7
0.68
0.51
0.92
1.31
8.62
0.32
1.78
0.15
1.5
4.02
1.07
1.51
2.24
5.48
0.36
0.96
8.08
6.22
2.39
0.43
2.62
0.0
0.56
0.48
1.62
0.48
2.91
0.64
0.15
4.19
0.29
0.0
24.21
3.41
0.32
0.16
2.18
0.48
1.3
0.37
1.77
3.15
0.32
2.1
0.0
0.66
0.43
2.53
3.63
2.61
0.64
0.49
0.84
5.97
0.42
6.78
4.85
2.26
1.11
5.36
1.68
3.9
0.8
2.04
0.16
0.93
5.01
4.34
5.33
3.92
3.37
0.3
0.16
0.81
0.91
0.42
14.37
4.57
0.31
0.7
14.62
6.99
25.64
12.1
0.16
0.0
26.07
0.45
0.48
0.31
16.01
0.6
3.34
1.09
2.36
0.64
0.18
2.68
0.0
0.19
0.31
1.57
0.0
4.37
3.39
0.45
0.12
0.0
0.36
0.0
12.57
4.35
0.15
3.03
0.77
3.1
3.71
4.13
0.56
0.46
0.16
1.55
0.56
0.46
0.0
2.75
0.31
0.71
0.63
1.67
2.29
0.89
0.78
2.83
2.26
1.26
0.48
1.3
0.49
0.0
1.52
2.78
1.94
0.15
0.5
1.6
0.46
0.55
0.16
1.46
0.19
0.22
29.08
1.37
1.1
0.56
1.89
0.58
2.87
5.57
6.98
28.09
0.6
10.21
0.43
4.08
4.28
9.66
0.22
1.7
0.0
0.52
21.95
0.32
1.46
1.73
0.73
0.44
0.06
0.19
0.22
0.32
1.51
0.0
0.19
1.13
1.93
0.56
1.1
0.0
5.5
0.0
5.1
0.87
4.45
0.13
0.22
0.21
0.87
0.21
7.09
0.8
2.61
1.41
2.69
2.58
0.45
2.17
0.88
0.56
0.0
0.62
1.35
1.06
0.04
0.04
0.15
2.51
1.91
1.55
1.35
0.66
2.72
9.53
1.15
2.62
2.21
1.11
1.82
6.87
0.0
0.88
0.06
9.51
0.86
3.24
1.11
0.06
3.24
1.86
2.27
1.38
1.25
0.39
0.37
0.22
0.84
0.0
8.94
8.49
0.48
2.43
0.84
0.44
3.27
2.58
3.88
0.14
14.79
2.13
0.8
1.11
0.59
18.21
6.17
5.72
2.36
0.13
2.72
1.06
0.29
0.33
9.56
6.07
0.46
1.55
0.19
0.76
0.0
1.07
0.56
5.29
0.83
8.72
5.4
0.74
29.32
22.66
19.42
19.57
18.87
18.63
0.92
6.02
0.04
1.11
0.93
0.66
0.15
10.31
0.0
1.37
2.82
0.86
4.48
14.88
0.32
5.99
0.97
1.62
0.64
14.58
8.25
4.31
0.64
0.15
16.99
19.4
0.34
0.87
20.61
0.73
1.71
4.03
0.75
8.81
0.19
1.51
0.76
14.45
28.34
8.2
0.93
0.21
27.34
6.37
11.72
1.13
0.32
1.17
1.17
0.93
0.56
0.22
0.48
1.3
5.96
0.15
0.47
0.48
1.82
5.71
6.76
4.12
0.42
0.19
2.65
0.0
0.86
1.16
1.19
4.6
8.94
1.37
0.43
3.73
0.3
0.12
14.94
0.0
4.14
0.58
0.48
1.11
0.42
22.68
1.73
0.49
1.06
8.23
0.0
1.28
0.42
1.37
2.67
6.66
1.93
0.22
0.95
0.48
2.8
1.51
2.32
9.52
1.93
0.87
0.64
0.19
1.0
1.3
6.19
1.3
4.64
1.09
1.1
0.41
4.79
0.6
23.08
0.37
1.28
0.0
0.63
1.98
1.0
0.23
7.05
0.0
1.82
0.53
1.02
0.59
25.59
0.6
15.97
7.12
0.21
0.59
3.41
18.22
26.66
12.24
0.89
0.26
24.58
0.56
0.0
0.3
0.41
0.43
0.85
3.08
1.05
1.46
0.0
0.48
24.03
21.68
0.71
2.0
4.57
3.71
1.58
0.25
2.65
7.09
0.48
2.46
2.3
7.71
0.64
3.76
0.0
0.87
0.16
7.14
10.36
9.92
0.06
3.56
0.14
0.56
0.8
8.1
1.29
0.42
0.0
1.36
0.53
6.16
1.67
3.83
2.85
4.12
1.77
3.18
0.32
1.33
1.19
2.98
0.68
0.64
28.24
11.42
0.43
28.74
15.64
0.18
12.97
3.39
5.28
1.49
0.21
0.75
29.26
0.14
3.31
0.69
1.67
0.15
6.09
0.37
0.99
4.41
0.52
3.96
0.15
1.06
1.86
1.2
0.6
4.09
0.15
10.2
2.16
0.63
2.54
1.27
0.59
0.61
8.96
6.95
12.4
0.08
0.39
1.41
1.33
0.31
0.49
0.06
0.81
5.98
0.81
1.67
0.82
0.6
0.45
0.87
0.15
7.93
0.29
0.74
10.88
3.66
0.37
0.45
1.73
0.16
0.05
1.25
2.34
0.37
1.18
3.01
0.37
1.96
0.37
2.59
0.58
8.18
2.47
1.23
2.23
0.45
8.49
9.97
0.24
1.48
2.07
0.45
0.43
0.32
0.12
0.3
1.54
0.15
8.88
5.03
0.63
0.59
2.32
0.48
0.74
0.16
1.11
0.42
14.4
22.42
0.77
1.8
3.69
0.83
3.79
5.75
0.74
3.68
0.64
0.0
0.16
0.56
0.31
1.2
26.42
23.83
1.0
1.04
1.75
0.93
0.37
7.12
0.49
0.3
0.0
0.74
2.99
2.4
11.25
6.18
4.7
1.48
1.04
0.3
20.76
0.47
1.67
0.51
25.44
11.62
0.53
1.63
0.77
0.16
0.97
25.01
24.88
0.71
3.79
15.37
24.07
24.26
6.96
0.83
7.83
4.64
2.55
20.28
7.53
1.62
8.9
22.55
26.39
1.64
8.91
22.7
4.04
1.24
23.38
4.9
3.23
2.37
2.09
2.05
2.43
1.78
4.79
19.84
25.64
2.91
0.81
7.89
0.97
2.34
1.11
2.12
1.43
4.64
2.14
0.31
3.04
4.71
10.07
10.01
12.31
1.13
0.68
3.41
5.38
7.78
0.48
0.0
6.54
4.32
15.79
1.38
0.15
0.07
12.49
1.23
0.07
0.07
3.79
0.75
13.82
0.29
1.41
2.23
1.42
0.3
0.88
1.29
1.5
8.52
4.39
7.44
2.23
4.5
1.48
0.37
0.88
2.18
2.6
0.19
0.74
9.01
4.25
0.12
1.95
0.28
1.06
1.11
1.04
4.87
0.59
0.25
1.05
0.44
4.28
1.37
0.59
3.84
1.48
1.62
2.43
2.51
0.3
0.07
0.57
26.15
2.92
2.55
7.39
5.18
3.83
5.18
0.42
0.25
0.37
8.95
12.53
1.45
3.7
2.84
24.97
0.52
7.11
18.93
9.37
13.15
0.37
5.75
1.2
0.42
1.46
0.18
1.37
0.35
0.16
0.25
7.63
0.0
3.68
1.6
25.96
27.95
0.64
0.74
2.16
5.86
0.78
27.11
0.45
2.92
0.93
10.2
25.46
3.88
2.2
9.76
0.37
0.53
0.21
1.05
0.43
5.47
0.51
0.47
2.55
0.51
1.71
0.47
0.26
0.58
2.34
1.02
0.41
0.15
0.73
1.2
0.16
0.32
0.38
2.26
0.25
1.23
0.9
13.84
0.49
1.17
4.07
10.32
17.15
0.61
1.23
0.93
2.09
0.04
23.55
17.02
1.23
2.39
5.66
10.14
11.48
28.5
27.63
0.62
0.0
0.25
2.79
29.22
0.3
3.02
1.35
9.16
4.61
27.39
25.41
0.53
0.69
1.48
1.38
0.6
8.57
0.19
0.19
1.42
0.41
0.75
9.58
1.17
0.99
0.37
0.07
24.46
7.65
0.32
1.13
0.41
1.28
0.98
0.41
8.68
1.77
1.02
0.07
2.64
26.45
23.69
10.77
19.61
0.59
4.79
10.54
17.09
28.94
0.0
3.69
0.51
0.81
0.13
3.81
2.83
3.81
16.85
20.06
5.17
3.08
21.04
0.13
3.73
3.09
0.17
0.26
1.25
0.78
1.07
9.98
9.02
1.17
0.48
27.64
0.04
0.53
0.75
0.0
0.45
0.15
20.39
17.23
0.19
1.64
0.26
1.4
0.77
0.47
0.44
3.21
0.16
0.91
0.41
4.87
5.14
1.79
2.3
0.3
21.55
1.77
0.45
2.05
0.15
0.15
1.57
0.37
1.42
1.41
0.64
1.15
2.46
1.87
1.16
0.93
0.8
0.21
3.32
11.58
0.48
0.74
1.73
3.53
0.93
7.83
0.65
0.17
3.37
12.4
1.89
1.27
9.54
0.44
1.91
12.98
1.02
2.96
0.04
6.7
0.15
0.25
2.16
6.35
3.63
2.14
0.12
0.16
7.13
0.82
13.4
2.17
19.53
0.33
0.53
0.37
3.0
0.81
3.35
1.14
1.62
6.83
1.92
0.99
0.05
1.77
1.73
11.85
1.03
0.43
0.94
2.47
3.03
0.26
1.91
12.56
1.94
0.66
3.86
7.92
1.38
0.72
1.1
0.42
1.69
9.46
0.73
0.37
0.75
1.04
0.5
1.91
1.67
0.21
0.39
2.06
1.05
18.51
0.77
6.59
7.51
2.27
2.55
5.05
0.31
0.51
0.36
0.14
27.41
1.32
4.71
0.9
0.13
0.31
0.13
10.17
4.17
0.51
0.42
1.27
1.16
0.64
1.92
0.12
14.67
0.81
0.12
0.0
2.24
7.1
0.83
1.42
0.49
0.47
4.46
1.3
0.9
0.17
23.51
11.03
0.3
0.7
0.13
0.92
1.76
1.77
1.83
0.23
0.97
1.9
1.55
1.26
2.4
4.25
2.75
0.12
0.16
0.18
1.1
9.81
0.15
3.24
0.57
17.57
2.54
0.42
0.18
1.13
25.76
18.18
0.3
5.94
5.32
16.27
29.05
13.91
17.73
24.64
23.83
1.24
0.36
2.03
5.3
1.08
1.08
0.87
2.77
5.12
9.41
9.48
0.37
4.44
2.67
1.05
3.18
23.65
1.42
0.27
1.97
2.5
0.17
2.39
28.79
15.55
0.11
0.64
0.78
0.49
4.2
13.29
18.55
5.33
23.4
23.06
0.18
0.5
0.37
0.87
2.83
1.02
1.87
10.49
1.95
0.49
0.16
0.0
4.85
0.49
0.47
20.98
16.86
1.86
13.43
0.1
11.77
0.18
0.64
5.89
18.95
2.46
11.48
5.4
5.31
0.51
17.45
17.73
0.25
0.47
0.86
0.73
0.24
0.67
0.45
0.3
4.57
28.68
19.8
15.44
1.29
6.51
2.32
23.41
25.27
0.32
0.73
26.57
3.34
0.36
1.41
1.02
12.78
23.6
25.06
0.32
0.78
2.93
1.27
14.18
25.76
0.33
0.77
1.09
0.63
0.21
0.77
0.27
1.24
0.26
2.72
5.22
0.12
3.68
23.51
21.21
25.08
20.81
8.06
12.62
3.28
4.28
17.94
20.61
2.38
2.93
19.27
2.27
0.5
3.01
1.84
1.99
29.46
0.12
0.96
9.74
17.48
0.0
3.37
19.6
0.24
0.12
0.91
19.69
0.94
0.42
7.8
20.06
22.82
1.52
2.48
0.31
0.21
0.25
0.47
11.86
16.11
0.16
0.57
22.38
0.74
0.21
20.36
26.59
0.37
0.37
1.52
0.24
23.62
1.17
0.78
1.18
0.84
1.49
2.14
3.92
0.85
0.06
12.02
21.22
0.53
2.65
12.56
18.99
3.42
0.89
23.6
18.17
2.13
0.86
0.86
1.61
0.07
0.24
25.54
0.6
12.62
25.98
0.32
29.54
0.12
0.98
1.49
5.72
0.64
0.12
2.32
0.41
5.31
1.19
5.56
0.37
1.97
0.72
0.19
4.36
3.7
0.24
3.82
24.03
0.18
0.18
2.36
0.41
0.71
12.56
3.74
1.36
1.87
5.53
1.41
0.16
0.18
0.39
12.89
22.73
9.37
2.42
1.79
3.78
1.13
2.04
2.2
0.97
0.18
0.55
5.96
15.44
0.0
0.16
20.5
0.32
0.45
0.45
1.73
0.66
25.68
23.54
29.7
0.37
0.16
19.95
0.25
3.12
1.32
0.85
0.6
0.28
11.65
0.15
0.59
0.45
0.37
1.82
0.73
20.68
22.99
2.04
2.26
14.69
14.68
1.62
0.12
20.66
1.17
0.0
1.47
0.05
0.19
17.6
2.42
0.63
0.62
0.15
0.89
2.13
0.64
0.98
0.41
3.07
12.83
17.21
0.06
0.06
3.14
2.14
2.14
8.91
1.71
0.81
3.97
0.31
0.62
1.94
2.61
26.12
3.62
0.33
0.28
0.8
0.77
0.52
0.58
17.56
20.96
12.42
12.25
15.62
18.78
9.71
0.41
1.38
26.68
3.41
2.69
0.4
27.12
27.64
0.51
0.39
26.64
4.54
16.53
19.71
0.12
8.64
1.66
1.36
3.86
11.48
2.34
0.15
2.61
0.15
0.81
2.67
3.7
16.35
1.6
3.13
20.83
8.53
22.37
1.51
9.96
0.29
1.05
18.15
5.37
12.83
3.18
4.14
1.24
22.11
11.45
16.69
2.77
20.15
1.58
0.21
0.21
1.05
1.27
22.89
0.09
6.66
0.82
22.96
0.65
27.5
28.54
0.76
0.86
1.18
1.11
28.5
3.83
3.4
7.56
18.5
0.93
3.95
13.62
0.98
0.81
0.29
0.2
11.04
28.82
11.62
12.44
18.79
26.74
1.34
0.49
17.86
12.79
29.1
1.27
6.43
1.93
0.62
0.19
4.51
28.68
0.27
0.21
3.81
0.37
3.6
5.38
1.49
2.37
6.88
0.55
0.12
0.41
1.57
0.25
1.49
2.09
0.22
0.0
24.4
4.43
4.54
3.6
1.76
1.68
1.2
1.24
12.89
2.75
0.59
2.34
21.88
0.33
2.47
0.21
0.38
0.7
0.66
1.72
10.49
0.62
0.22
2.76
0.26
0.76
3.56
2.84
11.14
0.61
1.66
1.08
27.43
0.25
0.24
0.21
6.47
1.04
0.44
0.21
1.11
0.67
1.51
2.03
0.91
1.49
2.44
0.76
3.54
0.56
0.42
0.24
1.26
1.2
0.23
1.05
0.29
16.13
1.94
0.19
2.01
1.54
0.2
0.77
18.78
10.95
27.29
13.92
2.43
0.37
0.19
1.15
6.16
0.64
0.66
3.7
5.55
0.31
0.43
14.24
23.07
0.24
1.53
0.0
0.31
0.16
3.03
1.46
3.71
0.12
3.07
0.74
6.46
0.54
2.04
0.24
0.29
0.88
0.55
0.32
1.25
3.09
1.63
4.78
0.21
0.95
0.29
0.23
1.34
8.45
0.12
2.86
0.47
0.12
0.26
4.76
0.24
16.43
0.37
0.14
0.61
6.87
0.37
0.0
2.17
4.74
0.71
0.47
0.73
6.46
0.25
3.73
28.01
0.24
4.13
1.77
3.74
0.14
0.81
0.19
1.8
4.91
0.49
0.0
0.71
0.12
19.23
0.34
0.34
0.11
2.42
0.74
8.79
4.53
2.07
3.68
1.09
7.37
14.23
0.19
3.67
0.74
16.87
2.55
1.09
0.34
0.57
3.72
23.25
1.3
0.64
2.02
10.9
4.89
1.58
17.26
0.0
0.12
1.42
0.17
2.73
0.24
3.03
1.25
2.6
3.68
0.37
0.24
0.32
2.57
4.14
1.25
3.51
0.09
1.09
2.0
8.68
0.14
0.15
4.96
0.58
0.79
18.96
0.25
0.0
0.33
3.97
0.67
6.54
9.13
0.6
0.88
19.09
0.59
0.36
0.48
0.32
0.16
0.18
0.06
10.18
0.21
5.41
5.36
0.27
0.35
5.65
2.46
0.12
0.12
0.59
3.64
1.04
0.48
0.44
4.13
0.12
1.07
0.65
2.2
0.87
10.51
1.52
3.35
6.72
1.24
4.29
0.37
0.14
0.56
0.27
3.98
20.26
1.02
2.59
0.78
8.72
0.63
2.71
0.87
0.51
0.94
0.94
1.34
0.94
0.85
16.8
2.11
2.74
0.74
0.52
0.92
0.21
1.71
2.13
1.25
0.37
0.37
0.87
0.71
0.8
0.23
0.87
0.17
3.47
3.57
3.41
0.2
7.12
3.84
4.69
0.07
1.35
4.33
0.81
1.26
0.27
0.64
0.46
3.07
0.2
4.02
0.59
4.71
2.33
5.93
0.12
0.74
0.77
0.25
0.46
0.05
3.22
0.1
1.03
0.87
1.09
3.76
3.45
9.32
0.38
10.39
1.51
1.05
3.04
1.04
0.29
0.3
0.32
0.4
1.32
27.64
0.06
1.63
0.4
0.92
0.32
7.17
0.74
2.12
1.41
0.85
1.16
0.27
0.2
6.24
0.16
0.0
1.49
3.26
0.24
0.57
0.62
0.13
1.22
2.78
0.16
7.9
2.97
5.87
2.29
1.36
4.12
2.92
1.32
8.31
1.71
0.93
6.15
12.07
0.2
5.29
0.05
0.28
0.0
0.14
0.74
4.9
0.37
0.14
0.8
1.01
1.8
0.32
0.76
2.66
0.38
1.29
9.28
0.38
0.35
0.98
0.64
1.06
0.26
0.32
1.54
1.23
0.03
1.33
0.63
0.12
2.65
0.12
0.65
1.09
0.65
3.25
0.73
1.5
0.61
0.4
4.42
1.93
0.15
6.63
6.2
0.25
0.47
0.27
0.27
1.46
3.2
1.08
0.71
0.73
1.27
0.05
0.18
5.18
3.31
7.31
5.29
0.37
3.77
3.75
0.71
9.1
0.13
1.08
8.35
4.83
5.96
2.15
3.67
6.08
6.79
0.14
15.4
3.18
9.87
8.17
6.43
10.6
0.32
1.65
0.84
2.96
1.09
0.93
0.46
0.58
0.85
4.55
1.09
4.69
0.16
0.37
0.98
1.22
1.24
2.41
1.5
2.44
20.9
0.64
1.06
0.59
4.77
0.32
0.89
0.72
1.12
0.9
2.32
1.98
2.08
1.23
0.15
0.99
0.03
0.29
0.23
0.75
4.26
0.34
3.58
3.22
21.34
0.0
0.27
0.56
1.22
7.04
1.93
1.15
4.78
0.54
8.26
0.03
0.13
0.66
7.37
0.37
0.82
2.36
4.1
0.38
0.24
0.03
0.22
7.06
0.49
0.74
9.75
1.53
1.18
5.62
11.59
2.01
7.68
0.64
3.1
5.92
6.62
9.64
3.6
2.81
0.12
0.94
1.96
0.74
1.42
0.38
1.28
0.47
1.22
0.68
0.45
0.27
3.43
0.83
3.47
0.35
0.6
2.66
3.7
0.23
1.65
0.26
19.75
3.21
4.08
1.04
1.33
3.31
0.0
0.37
10.46
0.3
0.3
28.57
1.02
0.46
1.35
0.64
0.92
0.29
0.45
1.25
0.22
0.14
0.79
1.66
0.94
0.94
1.45
0.18
2.41
8.5
1.54
1.1
8.43
3.37
0.23
0.53
0.12
1.59
6.33
2.52
6.6
0.18
0.88
12.0
12.94
6.49
5.75
1.78
9.13
0.63
0.58
1.03
5.46
1.68
2.8
0.17
1.11
0.78
0.03
1.82
2.48
0.11
0.12
3.38
0.05
0.86
0.77
0.24
3.0
0.13
2.36
1.68
4.04
0.0
0.22
5.23
0.76
1.67
0.14
19.33
3.73
0.28
0.16
0.16
1.69
1.03
0.16
0.37
7.14
0.65
0.64
0.52
5.71
0.24
2.52
2.84
15.11
0.17
0.66
0.45
0.13
4.33
2.14
0.41
0.54
3.41
0.06
0.12
0.28
0.76
1.25
0.12
0.31
0.05
0.16
20.92
0.79
0.0
1.43
0.74
0.05
2.0
0.32
0.73
2.79
2.57
12.61
0.61
2.76
1.95
13.66
0.33
5.58
0.04
0.27
3.51
2.13
13.42
0.48
0.37
0.64
7.38
2.47
6.97
1.06
10.52
18.71
1.45
6.89
1.08
13.8
5.05
3.57
1.24
0.12
2.16
0.74
0.27
0.73
0.0
0.44
1.86
0.34
5.97
0.4
7.25
0.48
0.0
1.13
18.37
0.73
0.62
1.26
1.17
21.42
0.74
5.54
2.57
0.71
0.39
0.62
0.97
5.48
23.6
1.5
20.36
8.99
16.36
9.14
0.42
3.71
6.14
0.59
7.18
4.65
0.88
7.59
1.51
0.76
0.19
0.78
0.0
6.36
0.53
1.08
4.53
1.83
5.09
0.16
0.0
16.56
19.67
12.85
0.3
1.92
0.67
0.13
1.71
0.64
2.74
24.21
27.2
0.04
5.17
17.66
17.55
24.28
2.56
0.5
2.2
0.31
2.09
3.61
1.28
4.44
1.21
2.74
0.07
2.12
10.51
26.18
4.92
0.23
1.11
0.94
25.41
19.05
5.83
0.07
1.63
0.62
9.48
9.36
9.38
16.97
20.8
14.33
1.47
2.0
21.92
1.98
0.94
2.08
3.54
5.19
0.14
0.53
6.9
3.34
0.31
14.27
2.06
10.7
3.49
0.0
3.88
1.45
0.74
3.04
0.16
0.86
2.87
3.45
0.82
7.35
0.2
0.79
5.92
4.96
0.31
2.96
3.71
2.57
0.44
3.64
27.35
2.6
21.66
2.64
19.24
0.81
0.37
0.6
0.24
0.48
0.55
2.35
6.69
7.71
10.1
12.12
0.31
0.41
0.6
1.21
2.22
0.63
0.12
0.97
4.25
2.89
0.64
1.29
26.5
17.49
0.36
0.38
11.46
14.02
0.6
7.91
0.52
1.25
1.06
0.32
4.72
0.27
5.29
4.05
27.79
1.1
0.14
0.41
0.63
22.79
23.79
8.74
18.03
4.78
0.59
3.03
0.31
0.42
11.84
6.64
2.01
2.75
0.09
0.18
10.95
14.42
4.89
0.74
0.12
0.48
1.36
0.27
0.13
2.3
0.5
1.73
0.19
0.74
1.54
2.21
5.01
8.73
7.61
5.39
0.34
1.19
0.24
2.46
29.54
17.63
0.39
9.05
13.08
0.15
0.75
0.46
2.77
0.6
0.93
2.3
0.34
0.07
0.04
5.92
2.51
3.41
8.39
11.18
2.22
3.07
0.07
2.83
0.07
0.0
0.81
2.35
0.07
26.11
21.04
21.5
0.64
3.15
4.73
0.0
0.18
1.52
7.91
1.94
5.2
0.16
1.57
16.78
11.85
15.87
17.31
26.2
6.93
10.37
25.17
4.34
0.37
1.28
12.35
14.95
1.93
0.32
0.92
4.95
6.78
23.83
6.92
1.47
1.48
14.52
0.59
0.0
14.68
1.04
1.2
2.61
0.37
1.13
0.45
26.62
1.15
0.28
0.0
10.88
17.39
17.09
20.82
5.07
7.39
1.42
0.16
0.37
0.32
5.56
0.61
3.83
0.48
0.55
0.16
0.48
0.92
1.07
0.46
19.52
5.15
1.9
13.43
11.93
21.85
4.45
0.4
4.01
0.26
5.03
11.53
9.5
0.12
2.09
2.33
2.26
3.11
27.23
0.61
2.02
1.07
0.74
20.67
0.43
1.38
2.01
4.39
0.62
21.95
0.94
4.97
0.61
4.26
2.47
9.38
12.47
12.32
8.92
1.3
3.25
0.23
0.36
2.75
2.69
0.7
0.96
0.08
4.4
1.7
0.16
1.45
1.44
9.39
2.74
10.69
27.26
19.76
0.86
0.74
0.16
0.37
0.24
4.55
4.52
15.17
20.17
14.54
19.07
4.17
5.31
4.41
1.11
0.18
12.45
3.39
0.17
2.55
2.53
7.01
0.47
4.76
1.3
1.59
5.3
6.13
0.82
1.35
27.1
2.03
20.44
0.09
1.34
0.86
0.36
4.9
3.46
0.35
2.35
0.93
0.0
2.85
0.79
0.45
2.24
2.0
1.3
0.32
5.51
2.38
0.2
0.82
6.19
0.85
2.23
20.65
2.28
5.9
4.75
2.06
1.59
1.03
1.52
1.37
0.44
2.14
0.23
0.59
12.27
16.32
0.74
7.63
0.37
1.37
0.19
0.32
4.34
5.07
3.75
0.64
4.66
4.56
6.99
0.92
7.8
2.03
8.39
0.48
0.44
0.57
0.08
1.69
2.26
5.16
3.17
1.16
2.34
0.21
1.48
0.64
1.03
3.06
28.1
0.6
2.59
1.45
0.95
13.13
4.17
0.0
0.0
1.48
1.76
1.67
2.0
0.61
9.93
21.08
23.61
0.59
9.33
0.15
0.07
6.4
10.23
5.2
7.61
14.3
16.71
28.92
1.92
0.25
0.52
0.98
0.18
0.13
9.71
0.62
2.78
1.22
0.17
1.8
4.05
3.68
2.67
1.99
26.09
6.99
0.65
0.29
3.16
0.06
11.45
25.34
20.27
4.4
0.65
3.02
3.9
1.99
0.66
1.95
1.78
1.52
6.22
2.57
9.03
2.59
3.74
1.01
0.66
2.71
1.86
7.21
1.3
1.51
0.23
0.08
1.24
4.89
2.34
6.48
3.15
1.3
0.94
0.16
0.1
1.16
1.14
14.33
8.87
0.64
1.5
0.48
0.18
22.06
11.18
1.32
0.52
0.54
1.73
1.61
9.72
0.0
18.78
16.52
0.49
5.16
0.76
0.24
1.04
1.73
0.66
0.84
1.15
8.04
0.26
8.99
15.86
1.1
0.16
0.37
1.94
3.72
1.0
20.06
0.27
2.99
2.5
21.71
22.83
3.36
22.63
8.7
9.63
21.97
4.8
1.15
2.15
3.72
4.7
8.28
1.61
2.58
6.93
0.24
2.25
6.14
3.54
7.61
0.18
0.73
5.47
4.53
7.18
0.54
13.99
3.02
15.9
0.0
2.59
0.17
0.55
3.37
4.74
16.27
14.92
0.69
1.94
27.75
0.32
0.64
0.56
7.97
0.0
1.39
0.17
4.37
6.3
0.57
4.3
0.76
1.55
7.02
6.58
0.52
4.41
0.32
4.04
1.09
2.85
2.71
1.0
1.6
0.48
7.89
2.18
3.98
0.07
0.4
22.32
5.32
0.8
0.73
4.82
1.16
21.95
2.61
0.5
1.76
1.04
0.64
3.86
2.1
4.07
11.0
3.16
0.24
16.05
6.17
0.31
2.14
1.0
1.91
0.91
0.36
3.63
2.84
1.69
3.09
0.5
2.18
2.06
0.67
7.63
1.99
1.99
0.84
0.6
1.99
1.29
0.03
0.41
1.11
1.04
0.32
0.37
0.97
2.91
0.19
0.98
14.13
0.86
0.72
18.29
24.23
12.74
0.13
1.3
17.95
1.38
5.06
0.14
10.19
0.82
0.32
0.65
2.84
0.39
1.91
7.03
2.41
18.88
4.32
0.36
2.06
0.35
5.61
0.11
0.95
0.74
6.78
10.99
23.47
1.76
18.34
0.91
2.14
1.83
14.8
0.46
2.02
3.61
1.56
2.02
0.54
25.41
0.94
2.67
7.05
4.11
10.12
7.69
0.64
0.36
1.27
4.93
0.07
0.89
6.47
5.24
0.62
0.36
0.69
3.48
4.86
3.36
0.48
3.31
6.16
0.14
2.53
0.36
1.84
2.6
1.19
1.11
1.63
0.33
1.12
2.41
1.59
0.86
1.2
0.6
1.69
3.84
1.49
2.01
14.63
6.06
3.24
7.53
0.3
0.56
12.14
3.32
1.87
5.11
3.51
2.86
0.26
23.36
0.35
6.2
0.61
1.35
0.36
1.35
0.93
1.24
1.89
0.41
5.18
0.19
4.12
0.12
2.92
0.0
2.03
0.05
1.98
1.37
0.0
0.62
0.74
3.08
0.64
4.61
0.15
0.0
0.53
1.17
3.59
10.4
1.36
3.33
3.66
6.31
0.15
5.29
0.64
3.11
0.3
0.1
0.79
0.79
3.58
5.57
18.26
1.51
2.35
0.27
0.68
5.67
4.44
4.46
0.67
1.66
2.16
0.21
0.62
3.39
21.27
0.86
0.2
8.36
15.7
6.11
0.81
8.17
3.95
0.48
0.61
2.8
0.2
0.79
7.94
4.7
27.45
2.28
0.69
5.64
2.23
2.91
0.32
0.55
1.0
1.56
1.39
0.0
3.5
0.81
1.17
0.57
5.78
8.82
2.67
0.85
8.91
1.52
0.6
1.02
1.24
0.43
8.55
6.43
10.0
3.97
2.77
0.74
3.77
4.44
1.73
0.38
0.11
0.83
2.15
1.56
6.56
0.67
1.04
1.27
0.74
0.67
0.48
1.24
0.15
1.36
4.63
1.04
1.64
3.0
9.12
0.47
0.2
0.21
0.12
2.37
0.94
0.24
0.27
0.37
1.36
5.74
4.03
7.6
17.48
0.41
0.74
0.67
2.13
7.89
0.39
0.25
10.96
2.31
0.76
2.37
0.74
0.7
1.86
0.49
0.37
0.57
4.4
5.89
12.63
5.75
0.16
0.18
3.92
1.15
4.64
4.41
1.79
2.77
0.21
0.32
0.41
11.28
0.62
1.09
4.1
4.39
0.21
1.64
1.25
0.88
0.39
0.09
0.27
0.16
0.99
1.83
2.65
1.56
7.76
13.35
1.25
1.39
0.2
0.93
0.37
2.23
5.38
7.39
1.09
3.48
20.27
1.95
1.46
4.39
1.72
5.35
5.0
0.48
2.2
0.45
0.12
0.09
2.57
0.8
1.17
0.27
1.1
5.03
1.18
11.39
0.38
5.28
1.13
1.74
0.3
2.1
1.61
1.66
0.84
6.76
2.38
3.71
11.91
1.35
5.38
1.15
2.01
4.44
3.1
1.3
0.93
1.56
2.12
0.76
1.16
1.65
4.01
0.47
0.92
0.35
0.9
0.88
2.34
1.08
2.25
0.79
4.68
1.63
0.96
1.87
1.16
2.88
5.16
1.46
1.69
2.52
0.09
6.03
4.27
0.61
1.47
0.08
0.25
0.6
0.87
4.33
4.63
0.21
0.67
0.95
0.5
24.31
0.3
2.97
3.64
7.03
0.72
0.61
1.52
1.16
0.12
2.26
0.07
0.42
1.27
1.5
3.48
1.25
1.15
0.36
2.41
18.54
23.26
0.25
0.93
0.67
1.13
0.71
0.23
0.04
0.43
0.36
7.06
0.03
3.22
21.58
0.82
0.67
11.88
1.32
1.76
0.47
3.4
4.63
14.72
0.26
1.26
0.19
0.0
10.58
14.54
1.35
3.69
0.39
2.85
3.21
0.49
2.98
3.85
0.85
1.23
5.01
4.12
0.76
0.92
1.18
0.49
0.19
0.68
0.65
1.82
0.18
0.79
3.05
3.24
0.03
0.97
3.78
0.76
0.81
12.54
15.1
18.76
22.73
5.1
4.07
0.74
3.67
2.27
2.17
1.52
14.37
0.04
4.87
24.49
0.49
0.65
0.48
2.71
0.67
1.66
0.3
0.23
0.29
3.01
1.93
8.9
1.93
0.18
0.59
2.15
0.62
0.74
0.92
18.59
6.7
0.21
0.21
1.06
1.79
19.69
7.68
0.91
1.56
0.74
3.4
4.6
16.58
1.15
0.19
0.87
1.32
0.17
1.46
1.0
8.56
0.86
0.75
0.91
2.57
0.12
6.83
0.21
1.15
3.0
0.87
0.47
0.61
0.87
23.69
23.55
27.5
0.37
2.04
3.5
1.09
1.42
1.05
8.61
0.21
0.25
1.4
0.91
3.9
0.19
2.83
2.79
1.11
0.99
3.62
3.97
0.56
1.49
5.67
3.85
0.81
2.7
0.58
7.3
2.84
3.4
12.57
6.21
13.21
0.42
0.65
1.4
0.1
2.35
1.42
0.85
5.37
10.75
0.68
13.7
1.71
1.09
2.06
17.56
0.74
0.73
0.08
0.27
0.96
2.13
0.52
2.47
6.79
19.33
1.86
0.95
15.74
2.84
5.22
3.93
15.76
17.76
1.04
0.69
3.69
6.88
1.05
1.43
1.17
2.27
1.06
0.3
1.27
6.47
0.64
26.22
1.17
1.78
2.1
0.08
1.28
1.4
0.63
0.63
0.15
1.32
2.69
4.41
19.6
7.55
3.78
0.5
24.81
0.16
0.16
0.61
5.44
1.61
4.84
2.49
0.3
0.62
0.0
0.9
1.86
0.5
1.2
10.63
1.81
4.6
0.34
1.62
0.46
1.3
0.35
1.65
0.35
0.67
0.54
4.68
4.11
1.34
1.28
0.48
0.56
6.14
2.62
0.3
0.92
1.09
5.22
2.55
10.86
0.29
0.05
1.03
6.03
0.93
2.91
3.26
0.72
0.2
0.49
0.42
0.16
0.51
2.56
1.91
2.18
0.65
23.41
0.05
0.93
0.96
0.81
5.86
0.93
0.77
7.94
0.61
6.53
2.33
7.83
2.49
12.13
0.56
1.05
2.27
0.43
0.57
2.34
9.58
0.44
2.18
0.26
4.62
2.43
1.67
1.84
3.17
3.79
10.13
2.46
5.01
3.51
0.98
1.37
1.13
0.17
0.95
0.99
0.7
1.88
0.49
3.03
4.31
2.12
25.83
14.25
0.93
1.26
6.55
1.97
3.11
0.32
1.12
1.03
2.2
6.54
0.32
0.15
2.21
4.25
0.81
0.58
13.26
1.08
2.25
4.91
3.79
0.49
1.06
4.94
4.46
2.75
1.43
2.06
2.57
4.52
8.01
15.55
28.54
0.98
1.41
0.88
3.79
5.69
11.15
19.7
0.47
26.96
11.63
12.45
8.24
2.84
0.76
15.82
0.33
1.94
0.18
3.54
1.3
0.69
0.33
0.77
25.73
2.74
17.29
11.29
1.5
1.14
19.25
1.29
4.23
0.26
1.43
4.4
1.14
0.65
0.93
0.81
3.69
7.26
1.91
20.34
7.66
4.81
1.81
0.09
0.59
0.98
15.8
6.14
3.67
19.5
0.47
0.84
0.34
0.83
0.96
0.0
0.18
1.42
29.25
1.33
1.01
6.4
11.57
0.95
0.14
0.55
6.74
5.86
2.44
1.18
2.32
0.05
0.41
0.18
4.49
3.19
7.61
8.65
1.56
2.08
7.92
0.1
0.27
1.1
4.62
1.04
6.0
1.48
9.28
1.29
7.1
0.37
0.63
1.89
0.36
0.54
17.59
1.27
0.94
3.95
0.55
2.02
0.52
22.59
1.48
11.43
5.57
4.22
0.0
1.0
0.61
1.44
4.1
1.49
2.89
19.63
1.06
0.59
1.46
7.69
16.67
0.2
17.94
0.88
0.86
15.31
24.93
11.07
4.88
4.15
7.94
0.91
6.09
0.94
0.16
0.86
0.0
11.89
4.31
5.61
2.23
0.74
9.54
0.37
27.91
24.76
5.05
2.77
23.56
28.38
11.61
7.37
2.99
19.54
1.98
11.84
28.86
23.42
1.14
0.23
0.9
3.07
2.0
2.82
0.18
3.32
3.96
2.8
1.27
2.17
0.57
1.63
23.08
28.87
10.44
12.66
2.38
0.18
3.56
24.57
22.12
1.86
15.15
2.08
0.68
0.57
1.24
2.14
0.36
1.3
2.21
1.18
0.55
8.09
3.94
6.65
6.99
8.58
9.21
2.44
2.45
2.87
12.39
4.42
0.36
0.92
1.22
4.58
5.72
26.24
23.88
11.04
13.11
13.84
11.81
5.07
4.05
0.34
6.03
4.95
8.18
4.46
6.21
1.26
1.09
2.16
6.39
14.44
0.08
0.13
2.27
1.73
1.25
1.55
0.21
8.82
8.01
2.95
2.36
0.52
7.66
2.11
10.98
1.85
5.23
1.33
21.49
5.17
1.31
1.88
2.78
15.37
28.29
6.02
10.01
1.19
3.2
0.83
2.57
0.67
0.88
0.64
1.58
0.15
3.8
0.7
0.48
0.93
0.11
0.48
1.35
0.16
2.34
0.34
16.91
26.79
0.93
1.27
0.23
1.99
4.24
1.06
9.14
20.01
2.15
0.31
0.89
4.56
1.21
2.73
0.68
3.78
1.81
0.28
1.01
0.34
2.9
0.94
7.18
3.16
0.54
1.22
0.39
11.96
6.04
1.38
8.03
8.01
0.41
0.74
18.26
9.71
1.3
4.94
2.59
10.24
24.92
21.39
0.17
12.31
3.06
2.66
20.01
22.86
0.43
0.16
0.22
0.41
0.87
0.71
1.66
1.01
8.15
14.32
2.09
2.04
3.31
0.79
0.78
1.15
0.98
0.6
4.74
0.66
6.27
0.42
0.33
0.82
0.98
0.52
0.68
1.91
0.44
1.46
0.25
0.95
0.62
0.08
1.31
0.88
2.25
8.94
0.45
0.66
0.16
1.9
10.38
0.25
2.04
8.31
5.57
12.18
2.46
9.55
0.7
0.59
2.26
1.52
11.64
15.1
2.33
8.55
0.95
5.72
12.84
26.7
9.27
2.44
0.85
0.93
6.24
1.49
0.52
0.9
1.85
6.47
1.04
5.51
3.41
0.64
6.95
4.66
1.01
5.45
1.06
1.09
0.4
0.13
0.32
2.11
2.77
12.38
2.89
5.34
0.25
1.14
1.98
0.13
0.9
1.47
0.85
9.79
2.99
0.12
1.46
0.03
7.29
3.0
4.68
3.89
0.24
2.08
1.19
1.13
0.98
7.39
5.5
1.62
1.42
3.52
3.6
0.21
1.43
1.44
0.83
5.49
0.37
9.08
1.22
0.45
0.98
4.57
6.83
22.01
13.19
18.84
0.15
0.24
0.77
0.4
0.4
0.24
0.59
1.17
1.42
1.7
2.66
2.04
0.69
2.4
0.34
0.63
0.14
3.33
1.17
0.64
1.29
17.48
8.95
1.22
2.52
12.09
3.64
0.68
0.66
6.61
1.15
0.32
0.94
0.1
2.22
2.54
17.75
0.37
2.01
1.93
1.84
0.35
4.11
1.3
0.68
1.42
2.17
4.31
4.14
2.61
4.9
20.99
22.05
13.74
22.68
0.81
0.64
17.37
0.42
0.74
5.59
1.92
3.69
1.36
2.66
12.11
28.32
12.07
0.46
4.52
28.19
16.63
11.97
2.14
3.81
17.88
0.2
2.55
7.12
3.27
21.9
16.16
0.28
10.01
1.36
0.6
1.41
15.96
27.39
20.96
11.39
8.48
2.6
1.29
2.7
20.52
1.26
0.5
0.25
1.89
0.75
27.1
24.05
4.04
8.25
4.69
1.83
0.75
0.52
23.56
1.03
22.28
3.81
18.01
29.91
0.37
16.1
3.16
4.41
19.73
5.18
21.08
3.19
0.08
17.09
4.3
3.35
17.09
0.62
12.48
2.06
1.78
0.0
1.24
0.23
0.6
0.03
1.55
3.68
0.38
3.29
0.45
3.5
4.16
7.59
8.65
1.79
0.6
0.7
4.34
1.24
0.21
2.67
2.73
2.85
1.86
16.18
5.74
1.07
1.02
2.08
1.42
7.85
25.34
2.88
0.23
0.77
1.97
7.74
6.92
7.51
1.87
0.34
0.76
5.31
0.17
0.03
2.33
16.18
2.12
9.61
9.49
0.04
3.09
6.94
2.19
12.69
0.77
15.15
4.88
0.38
25.24
0.59
1.86
1.87
8.42
4.86
3.58
4.51
2.95
8.65
4.66
0.7
0.55
14.56
3.29
4.1
5.46
4.33
0.17
0.66
1.95
0.39
1.09
5.04
17.87
1.24
9.98
1.05
24.68
0.78
5.49
0.82
3.6
18.56
17.29
12.03
2.47
0.16
0.31
22.36
19.69
4.59
0.09
0.99
24.86
14.48
0.46
4.28
0.12
4.22
3.12
3.54
4.84
4.33
12.9
7.94
3.85
3.5
11.84
12.98
1.17
0.76
0.76
1.59
4.62
7.81
1.07
1.77
0.32
2.31
11.05
0.59
0.89
1.38
2.52
1.35
6.53
0.81
1.96
15.91
0.0
5.48
1.26
3.8
2.45
0.7
12.79
0.48
0.86
0.59
0.76
3.45
0.19
1.07
2.03
1.67
0.03
8.69
9.26
3.04
1.92
2.72
4.66
1.02
2.34
0.44
4.89
4.98
0.59
5.94
2.4
8.43
1.52
1.59
2.87
3.14
2.8
3.88
8.68
0.86
17.53
14.27
1.62
10.49
2.21
3.99
7.01
2.56
0.06
1.02
2.36
4.02
0.98
1.08
4.68
0.81
0.57
5.49
1.25
7.9
0.44
2.65
0.63
17.45
1.01
1.2
0.94
0.23
2.94
0.08
4.04
1.47
0.95
0.15
2.62
8.95
15.44
3.11
3.39
1.51
0.5
1.26
0.86
13.03
0.59
0.94
2.76
0.08
4.59
8.07
1.85
0.55
0.57
0.83
2.54
1.85
0.35
2.23
2.46
0.74
3.74
1.92
1.66
3.25
0.44
1.21
0.86
1.33
18.13
2.0
0.47
2.91
10.03
0.94
2.12
0.35
0.94
9.4
5.42
0.28
1.11
1.1
1.02
1.95
2.24
0.25
1.99
1.12
7.75
10.03
2.46
0.47
8.02
1.71
1.28
1.28
3.28
1.34
3.09
0.76
2.28
0.5
0.45
0.68
1.38
1.62
1.43
0.5
6.34
2.45
0.26
5.24
1.01
1.01
2.16
0.63
3.73
27.85
8.67
9.07
0.8
27.1
1.01
0.28
3.75
28.36
1.47
0.78
13.84
0.05
4.52
0.75
1.02
6.89
9.48
0.93
6.52
0.31
1.04
0.89
4.0
1.48
3.47
3.74
7.4
3.41
4.78
1.04
1.6
4.69
24.94
6.06
0.62
2.92
2.37
0.59
2.81
10.37
3.48
0.33
7.6
0.98
2.6
0.04
3.59
0.35
0.62
0.42
5.6
3.13
1.33
5.29
5.53
0.7
1.26
5.36
1.92
3.31
3.39
5.67
6.01
0.11
1.45
5.9
0.31
0.06
0.67
1.32
0.15
0.15
16.38
0.21
1.77
2.77
7.74
1.63
0.6
24.8
1.1
2.92
1.26
1.49
1.8
0.23
2.71
1.22
0.61
0.43
4.93
2.45
1.94
1.93
0.21
0.55
12.22
2.9
1.88
2.14
3.19
4.1
3.83
4.63
0.76
0.59
3.78
10.06
0.13
3.48
4.91
16.84
12.92
2.18
1.02
0.19
0.0
10.76
23.78
24.57
7.08
5.87
2.08
1.41
0.98
3.15
1.77
0.6
7.6
2.28
6.6
4.24
5.05
0.77
3.74
2.16
0.12
18.17
0.59
3.43
14.11
0.21
0.53
9.14
9.31
0.96
2.18
1.21
1.83
0.95
7.14
8.63
0.4
3.16
0.68
0.31
0.14
10.64
2.31
2.38
0.61
2.39
0.77
10.18
1.62
0.49
0.06
0.06
0.03
0.23
0.52
5.64
1.18
1.1
0.03
1.59
4.26
2.21
8.95
16.84
2.42
0.65
1.25
4.89
1.91
1.9
1.34
6.38
0.71
1.48
0.91
0.69
2.22
2.1
4.45
2.9
9.1
2.58
3.49
0.92
3.52
2.15
0.24
1.34
3.87
6.69
3.54
0.62
4.1
0.84
1.15
3.12
1.83
6.51
29.0
11.43
2.33
0.79
1.96
9.14
1.02
0.84
24.36
8.33
1.21
2.91
15.19
6.14
19.92
4.76
5.48
1.6
7.19
0.28
0.96
2.71
8.08
10.24
4.31
1.46
0.15
1.03
2.01
0.0
8.45
20.03
1.13
6.9
2.4
1.17
0.81
1.3
1.13
0.15
5.31
2.22
7.9
0.85
6.43
1.36
0.04
1.47
0.39
2.49
21.56
16.99
3.87
12.28
2.29
10.07
0.73
4.78
18.71
15.65
8.09
13.67
4.74
2.68
4.76
1.76
1.25
2.48
0.54
0.43
7.75
0.49
0.14
0.68
4.86
1.27
0.68
2.11
1.14
3.17
3.79
1.43
0.56
0.15
1.08
0.91
3.22
16.31
4.37
4.39
0.4
1.95
0.4
0.49
0.0
0.98
3.51
7.9
5.08
0.2
0.52
0.33
2.64
3.78
3.57
0.16
0.26
3.29
1.95
26.66
21.52
2.9
1.04
2.24
2.86
0.49
5.39
2.93
0.06
0.22
0.9
1.12
0.37
0.45
0.61
3.75
1.29
3.97
4.17
4.41
3.01
6.33
3.2
1.48
4.89
0.62
1.55
0.98
2.6
0.52
11.38
2.88
2.47
2.29
0.33
4.43
1.38
3.59
0.43
0.65
3.12
5.01
0.52
2.37
1.17
0.72
2.04
1.24
0.69
6.2
0.39
0.12
2.68
1.65
4.02
1.77
0.34
11.27
1.33
1.47
5.62
13.9
2.24
0.51
14.17
0.14
5.68
7.9
4.84
0.27
1.3
1.16
12.18
3.81
4.87
0.14
0.08
1.99
2.74
1.36
3.29
3.13
2.27
0.5
20.3
0.13
6.84
1.07
0.86
0.44
0.65
0.16
3.41
0.0
1.6
0.21
1.97
7.77
8.66
2.96
0.13
2.24
6.87
4.69
4.69
1.8
4.63
2.27
11.36
1.03
0.12
0.69
0.88
3.36
1.44
6.21
0.81
0.34
2.02
1.71
2.68
4.5
2.98
1.61
0.48
1.3
2.44
0.98
7.1
2.62
0.65
0.61
0.11
0.09
0.87
1.66
2.98
0.18
1.02
2.63
0.17
27.11
0.43
3.26
0.61
3.33
4.42
0.82
2.44
0.52
1.99
1.82
3.53
4.21
0.51
4.36
3.12
0.06
0.3
0.36
0.24
1.2
3.52
1.29
1.45
15.86
0.09
4.12
1.21
1.04
1.76
0.0
1.63
2.69
0.06
3.71
0.35
10.88
9.55
0.97
0.52
0.46
4.13
1.92
0.49
2.08
0.14
0.38
3.61
0.76
0.97
0.97
7.05
0.36
0.98
0.31
0.6
1.99
9.35
2.06
8.19
0.82
4.97
11.46
6.76
0.6
6.59
1.36
21.9
2.8
2.82
5.88
2.78
4.28
4.73
3.36
0.38
0.87
7.71
8.56
5.2
0.61
4.6
0.92
1.29
0.61
0.06
0.6
0.15
6.96
9.35
3.56
2.8
0.9
1.22
1.14
1.69
13.42
1.08
6.33
0.43
5.46
2.25
6.87
2.1
2.86
1.8
3.41
5.2
13.94
14.1
1.03
1.6
1.65
0.53
11.94
8.95
16.35
5.28
1.67
2.2
2.54
1.57
3.11
0.62
0.69
23.72
4.58
1.91
3.41
0.6
3.98
3.47
0.68
5.28
1.1
3.8
4.92
3.56
2.37
9.09
10.4
0.38
3.41
0.26
1.44
0.17
1.61
0.89
1.94
0.79
0.41
1.14
0.14
1.1
2.38
1.52
11.1
0.88
1.33
11.57
11.9
0.05
8.4
5.04
5.88
0.59
5.29
0.92
0.08
5.3
0.26
3.93
19.05
0.47
0.78
15.74
0.12
5.1
1.66
0.71
5.09
4.53
5.44
4.27
3.38
2.78
2.18
1.42
1.73
6.47
0.53
7.4
0.45
0.15
7.88
1.03
2.48
0.41
1.85
1.33
0.93
1.99
4.26
1.34
16.53
3.04
2.42
8.07
8.09
4.28
0.04
14.14
0.7
0.11
3.7
0.43
0.19
1.96
3.36
4.71
0.16
3.68
3.73
4.42
3.03
0.17
5.65
25.21
3.04
4.01
11.04
0.11
4.29
1.09
5.63
15.07
4.81
6.84
7.22
2.68
12.72
11.54
0.09
0.65
9.81
9.28
0.99
0.59
27.96
11.29
0.17
2.03
2.78
9.62
2.27
1.43
7.73
21.22
4.32
3.9
4.01
0.79
12.69
1.79
18.04
6.81
9.33
1.86
9.28
16.17
1.68
3.68
0.0
2.1
10.66
2.07
3.11
1.98
2.06
2.26
0.48
0.89
4.43
0.56
1.77
1.3
3.56
1.11
1.73
2.34
2.0
9.03
8.86
3.3
2.33
1.38
5.23
3.24
3.37
3.78
3.33
1.91
18.77
0.34
0.75
10.69
0.38
3.06
2.18
4.58
0.48
1.33
1.78
0.27
1.53
9.05
7.47
0.74
7.7
2.07
0.3
0.55
1.18
2.06
1.07
0.09
3.17
0.08
7.03
2.76
9.69
2.51
3.38
3.61
0.49
2.56
1.05
1.18
2.75
2.32
1.98
0.03
3.42
3.95
11.24
0.15
2.72
1.94
1.94
6.04
0.3
4.96
7.94
0.04
0.7
0.37
0.41
4.18
0.44
4.11
4.13
2.75
0.09
13.16
5.11
0.89
9.44
1.71
18.37
0.59
3.18
1.41
1.85
0.93
1.66
0.54
4.56
11.21
3.76
1.72
0.62
1.1
0.7
2.6
1.92
3.92
2.54
9.11
5.81
8.74
0.18
4.94
0.9
4.22
16.76
2.67
12.26
14.36
0.19
2.96
1.09
4.56
0.0
1.76
0.56
8.88
1.48
7.36
0.0
0.35
1.4
22.59
3.69
1.78
4.81
1.04
0.54
8.87
1.05
2.63
1.04
0.93
1.39
3.25
0.35
1.78
7.46
4.02
4.11
2.3
2.36
1.21
1.57
0.34
0.78
0.64
1.68
7.75
7.54
2.22
1.63
1.63
18.62
5.53
0.04
0.21
1.14
4.15
21.04
13.47
0.53
7.09
6.47
0.23
0.61
5.49
2.97
3.43
1.66
17.43
5.02
2.08
2.82
6.76
3.03
0.89
2.96
1.96
8.46
0.45
1.25
3.9
0.26
1.41
1.21
1.78
6.51
2.22
0.44
1.95
5.14
0.15
0.27
1.02
15.24
6.91
9.71
6.93
3.9
8.58
2.74
1.47
5.95
3.46
2.09
0.8
3.28
0.62
4.55
7.7
1.04
4.98
0.44
1.14
2.94
0.79
0.52
1.04
0.35
13.04
2.1
7.71
5.73
2.22
10.3
7.36
3.04
5.24
3.12
1.77
4.04
6.05
0.91
3.71
8.7
1.93
1.63
5.15
9.04
3.78
5.25
0.65
2.44
2.1
2.25
3.25
0.68
2.23
16.38
2.4
4.87
2.38
0.89
0.67
0.18
5.02
6.22
5.98
0.76
8.37
2.29
7.62
1.59
0.97
2.74
3.62
0.66
1.68
3.39
4.68
1.63
4.37
6.95
0.84
4.21
5.92
3.26
2.21
8.71
1.89
1.77
3.7
5.1
0.68
0.81
0.85
11.39
1.33
5.4
8.18
3.33
11.01
3.55
4.74
0.6
6.5
5.35
2.42
0.82
3.75
0.9
6.81
9.52
16.01
2.24
2.2
1.52
0.47
5.96
9.65
2.08
14.73
8.61
2.07
0.97
5.55
1.97
5.75
3.43
0.88
4.03
1.54
8.3
9.81
7.1
21.01
14.15
1.3
3.02
21.84
3.12
8.65
7.63
2.99
7.81
5.53
0.78
3.67
1.66
9.44
1.97
9.27
1.56
1.96
1.68
