578	(580, 581)	(2, 2)	11.49ppm
2009	(2010, 2011)	(2, 2)	1.09ppm
2169	(2170, 2171)	(3, 3)	2.51ppm
2190	(2191, 2192)	(3, 3)	0.29ppm
2198	(2200, 2201)	(2, 2)	23.2ppm
2221	(2222, 2223)	(3, 3)	1.95ppm
2228	(2229, 2230)	(3, 3)	1.1ppm
2252	(2253, 2254)	(2, 2)	1.24ppm
2268	(2269, 2270)	(3, 3)	0.57ppm
2334	(2335, 2336)	(3, 3)	5.43ppm
2352	(2354, 2355)	(3, 3)	0.15ppm
2365	(2370, 2371)	(2, 2)	0.45ppm
2377	(2382, 2383)	(3, 3)	22.9ppm
2385	(2387, 2388)	(2, 2)	1.11ppm
2403	(2405, 2406)	(2, 2)	0.22ppm
2421	(2423, 2424)	(3, 0)	1.0ppm
2422	(2425, 2426)	(3, 3)	1.15ppm
2432	(2434, 2435)	(3, 3)	1.58ppm
2433	(2436, 2437)	(2, 2)	5.84ppm
2448	(2449, 2450)	(3, 3)	0.07ppm
2458	(2460, 2461)	(3, 3)	0.3ppm
2459	(2462, 2463)	(2, 2)	1.15ppm
2489	(2491, 2492)	(2, 2)	0.16ppm
2490	(2493, 2494)	(3, 0)	3.95ppm
2495	(2496, 2497)	(3, 0)	23.71ppm
2518	(2520, 2521)	(3, 0)	21.03ppm
2528	(2529, 2530)	(2, 2)	0.48ppm
2550	(2551, 2552)	(2, 2)	0.8ppm
2554	(2556, 2557)	(2, 2)	0.16ppm
2560	(2561, 2562)	(3, 0)	1.93ppm
2564	(2565, 2566)	(3, 3)	3.62ppm
2569	(2570, 2571)	(2, 2)	0.93ppm
2584	(2585, 2586)	(2, 2)	1.11ppm
2596	(2598, 2599)	(2, 2)	1.36ppm
2634	(2636, 2637)	(2, 2)	0.3ppm
2676	(2677, 2678)	(2, 2)	0.32ppm
2730	(2731, 2732)	(3, 0)	3.57ppm
2736	(2737, 2738)	(2, 2)	3.37ppm
2890	(2892, 2893)	(3, 3)	0.76ppm
2944	(2945, 2946)	(3, 3)	9.0ppm
2956	(2957, 2958)	(2, 2)	2.9ppm
2974	(2976, 2977)	(3, 3)	1.61ppm
2975	(2978, 2979)	(2, 2)	17.25ppm
3016	(3017, 3018)	(2, 2)	0.3ppm
3069	(3070, 3071)	(2, 2)	4.77ppm
3075	(3078, 3079)	(2, 2)	0.45ppm
3098	(3099, 3100)	(3, 3)	3.52ppm
3116	(3121, 3122)	(2, 2)	6.72ppm
3124	(3125, 3126)	(3, 3)	0.15ppm
3147	(3152, 3153)	(3, 0)	0.09ppm
3156	(3157, 3158)	(3, 3)	2.23ppm
3170	(3171, 3172)	(3, 3)	23.85ppm
3223	(3224, 3225)	(2, 2)	1.96ppm
3231	(3232, 3233)	(3, 3)	28.06ppm
3241	(3242, 3243)	(2, 2)	0.9ppm
3245	(3247, 3248)	(3, 0)	3.97ppm
3286	(3288, 3289)	(3, 3)	1.2ppm
3287	(3290, 3291)	(3, 0)	7.01ppm
3302	(3303, 3304)	(2, 2)	0.72ppm
3309	(3311, 3312)	(3, 3)	2.19ppm
3314	(3315, 3316)	(2, 2)	0.9ppm
3328	(3333, 3334)	(3, 3)	7.89ppm
3345	(3347, 3348)	(3, 3)	5.14ppm
3351	(3352, 3353)	(3, 3)	8.77ppm
3371	(3374, 3375)	(3, 3)	0.89ppm
3377	(3379, 3380)	(2, 2)	3.53ppm
3383	(3384, 3385)	(3, 3)	0.43ppm
3395	(3397, 3398)	(3, 3)	4.97ppm
3440	(3441, 3442)	(3, 3)	0.07ppm
3462	(3464, 3465)	(3, 3)	16.47ppm
3463	(3467, 3468)	(3, 3)	1.08ppm
3485	(3487, 3488)	(2, 2)	4.73ppm
3495	(3496, 3497)	(2, 2)	15.47ppm
3499	(3501, 3502)	(2, 2)	1.3ppm
3503	(3504, 3505)	(2, 2)	0.0ppm
3514	(3516, 3517)	(2, 2)	1.5ppm
3515	(3519, 3520)	(2, 2)	0.9ppm
3518	(3521, 3522)	(2, 2)	4.93ppm
3544	(3546, 3547)	(2, 2)	13.7ppm
3573	(3575, 3576)	(3, 3)	11.35ppm
3581	(3583, 3584)	(3, 3)	1.54ppm
3586	(3588, 3589)	(2, 2)	27.56ppm
3591	(3593, 3594)	(3, 0)	8.24ppm
3606	(3608, 3609)	(3, 3)	0.43ppm
3607	(3610, 3611)	(3, 3)	26.57ppm
3625	(3626, 3627)	(2, 2)	3.42ppm
3637	(3639, 3640)	(3, 0)	9.6ppm
3638	(3641, 3642)	(3, 3)	27.12ppm
3650	(3655, 3656)	(3, 3)	11.25ppm
3661	(3662, 3663)	(2, 2)	20.17ppm
3665	(3666, 3667)	(2, 2)	19.14ppm
3669	(3670, 3671)	(2, 2)	0.22ppm
3689	(3690, 3691)	(3, 3)	0.14ppm
3694	(3695, 3696)	(2, 2)	25.58ppm
3714	(3716, 3717)	(2, 2)	16.55ppm
3719	(3721, 3722)	(3, 3)	3.0ppm
3727	(3729, 3730)	(2, 2)	0.22ppm
3728	(3732, 3733)	(3, 0)	12.83ppm
3747	(3749, 3750)	(3, 3)	5.64ppm
3757	(3758, 3759)	(2, 2)	6.33ppm
3765	(3766, 3767)	(2, 2)	27.05ppm
3800	(3801, 3802)	(3, 3)	0.09ppm
3822	(3823, 3824)	(2, 2)	8.36ppm
3836	(3837, 3838)	(2, 2)	19.63ppm
3881	(3886, 3887)	(2, 2)	0.64ppm
4002	(4007, 4008)	(3, 3)	8.95ppm
4024	(4029, 4030)	(2, 2)	0.16ppm
4052	(4054, 4055)	(2, 2)	11.04ppm
4053	(4057, 4058)	(2, 2)	2.34ppm
4092	(4094, 4095)	(2, 2)	0.32ppm
4100	(4102, 4103)	(3, 3)	0.15ppm
4127	(4132, 4133)	(2, 2)	0.14ppm
4134	(4136, 4137)	(2, 2)	1.95ppm
4135	(4138, 4139)	(2, 2)	3.01ppm
4140	(4142, 4143)	(3, 3)	0.75ppm
4176	(4177, 4178)	(3, 3)	0.37ppm
4181	(4183, 4184)	(2, 2)	5.77ppm
4225	(4227, 4228)	(2, 2)	6.47ppm
4226	(4229, 4230)	(2, 2)	0.62ppm
4244	(4246, 4247)	(2, 2)	0.92ppm
4301	(4306, 4307)	(2, 2)	3.76ppm
4322	(4324, 4325)	(3, 3)	0.18ppm
4330	(4331, 4332)	(2, 2)	6.01ppm
4340	(4342, 4343)	(2, 2)	4.88ppm
4353	(4355, 4356)	(3, 3)	1.41ppm
4387	(4389, 4390)	(2, 2)	2.24ppm
4394	(4399, 4400)	(2, 2)	28.66ppm
4402	(4407, 4408)	(2, 2)	0.45ppm
4416	(4418, 4419)	(2, 2)	0.39ppm
4424	(4426, 4427)	(2, 2)	0.31ppm
4428	(4430, 4431)	(2, 2)	4.47ppm
4445	(4447, 4448)	(2, 2)	0.32ppm
4449	(4454, 4455)	(2, 2)	2.01ppm
4456	(4458, 4459)	(3, 3)	3.97ppm
4515	(4517, 4518)	(2, 2)	26.17ppm
4522	(4524, 4525)	(3, 3)	6.05ppm
4564	(4565, 4566)	(2, 2)	11.92ppm
4605	(4606, 4607)	(2, 2)	1.6ppm
4610	(4615, 4616)	(3, 3)	5.83ppm
4635	(4637, 4638)	(3, 3)	7.14ppm
4672	(4674, 4675)	(2, 2)	0.16ppm
4673	(4677, 4678)	(2, 2)	5.41ppm
4699	(4701, 4702)	(2, 2)	7.76ppm
4706	(4711, 4712)	(2, 2)	3.21ppm
4739	(4741, 4742)	(2, 2)	3.98ppm
4740	(4743, 4744)	(2, 2)	0.16ppm
4752	(4754, 4755)	(2, 2)	0.32ppm
4760	(4765, 4766)	(2, 2)	0.16ppm
4775	(4780, 4781)	(2, 2)	2.35ppm
4782	(4784, 4785)	(2, 2)	2.29ppm
4806	(4811, 4812)	(2, 2)	0.16ppm
4821	(4823, 4824)	(2, 2)	0.0ppm
4829	(4831, 4832)	(2, 2)	28.4ppm
4830	(4834, 4835)	(2, 2)	0.63ppm
4840	(4842, 4843)	(2, 2)	2.67ppm
4844	(4846, 4847)	(2, 2)	4.32ppm
4855	(4860, 4861)	(2, 2)	21.67ppm
4865	(4870, 4871)	(2, 2)	0.82ppm
4878	(4880, 4881)	(2, 2)	2.39ppm
4943	(4945, 4946)	(2, 2)	25.8ppm
4967	(4968, 4969)	(2, 2)	0.47ppm
4976	(4978, 4979)	(2, 2)	0.0ppm
4977	(4980, 4981)	(2, 2)	19.07ppm
5005	(5007, 5008)	(2, 2)	2.07ppm
5074	(5076, 5077)	(2, 2)	1.88ppm
5084	(5089, 5090)	(2, 2)	0.16ppm
5093	(5094, 5095)	(2, 2)	15.87ppm
5152	(5154, 5155)	(2, 2)	2.87ppm
5153	(5157, 5158)	(2, 2)	0.0ppm
5166	(5167, 5168)	(3, 3)	23.19ppm
5170	(5172, 5173)	(2, 2)	1.06ppm
5171	(5175, 5176)	(2, 2)	0.45ppm
5174	(5177, 5178)	(2, 2)	3.0ppm
5196	(5197, 5198)	(2, 2)	0.46ppm
5206	(5208, 5209)	(2, 2)	4.2ppm
5214	(5216, 5217)	(2, 2)	17.05ppm
5215	(5219, 5220)	(2, 2)	3.05ppm
5222	(5224, 5225)	(3, 3)	22.82ppm
5223	(5227, 5228)	(2, 2)	1.17ppm
5226	(5229, 5230)	(2, 2)	8.6ppm
5236	(5241, 5242)	(2, 2)	1.12ppm
5244	(5245, 5246)	(2, 2)	1.86ppm
5259	(5264, 5265)	(2, 2)	0.64ppm
5269	(5271, 5272)	(2, 2)	2.41ppm
5279	(5281, 5282)	(2, 2)	0.0ppm
5293	(5295, 5296)	(2, 2)	0.0ppm
5294	(5297, 5298)	(2, 2)	2.07ppm
5306	(5308, 5309)	(2, 2)	0.0ppm
5316	(5318, 5319)	(2, 2)	4.19ppm
5317	(5320, 5321)	(2, 2)	0.9ppm
5329	(5331, 5332)	(3, 0)	20.59ppm
5333	(5335, 5336)	(2, 2)	1.38ppm
5337	(5342, 5343)	(2, 2)	0.0ppm
5355	(5357, 5358)	(2, 2)	4.27ppm
5359	(5361, 5362)	(2, 2)	5.61ppm
5360	(5363, 5364)	(2, 2)	0.0ppm
5366	(5367, 5368)	(3, 3)	26.26ppm
5388	(5393, 5394)	(3, 0)	6.26ppm
5405	(5407, 5408)	(2, 2)	1.49ppm
5417	(5419, 5420)	(2, 2)	23.7ppm
5451	(5456, 5457)	(2, 2)	0.48ppm
5466	(5468, 5469)	(2, 2)	0.34ppm
5467	(5471, 5472)	(3, 3)	0.23ppm
5489	(5491, 5492)	(3, 3)	0.18ppm
5490	(5493, 5494)	(3, 3)	0.23ppm
5510	(5515, 5516)	(2, 2)	4.15ppm
5527	(5529, 5530)	(2, 2)	1.28ppm
5528	(5531, 5532)	(3, 3)	0.22ppm
5548	(5550, 5551)	(2, 2)	2.7ppm
5549	(5553, 5554)	(2, 2)	0.68ppm
5569	(5574, 5575)	(2, 2)	0.15ppm
5576	(5578, 5579)	(2, 2)	1.5ppm
5582	(5584, 5585)	(2, 2)	4.02ppm
5610	(5612, 5613)	(2, 2)	6.22ppm
5614	(5616, 5617)	(2, 2)	2.39ppm
5651	(5653, 5654)	(2, 2)	4.19ppm
5659	(5661, 5662)	(2, 2)	0.29ppm
5660	(5663, 5664)	(2, 2)	0.0ppm
5674	(5679, 5680)	(2, 2)	2.18ppm
5688	(5693, 5694)	(2, 2)	3.15ppm
5710	(5711, 5712)	(2, 2)	0.43ppm
5716	(5717, 5718)	(2, 2)	2.53ppm
5731	(5732, 5733)	(2, 2)	0.84ppm
5735	(5737, 5738)	(2, 2)	5.97ppm
5736	(5739, 5740)	(2, 2)	0.42ppm
5746	(5751, 5752)	(2, 2)	2.26ppm
5823	(5825, 5826)	(2, 2)	14.62ppm
5831	(5832, 5833)	(2, 2)	12.1ppm
5843	(5845, 5846)	(2, 2)	26.07ppm
5870	(5875, 5876)	(2, 2)	2.68ppm
5887	(5888, 5889)	(2, 2)	0.0ppm
5891	(5893, 5894)	(2, 2)	4.37ppm
5900	(5902, 5903)	(2, 2)	0.12ppm
5904	(5909, 5910)	(2, 2)	0.0ppm
6027	(6029, 6030)	(2, 2)	29.08ppm
6055	(6057, 6058)	(2, 2)	28.09ppm
6075	(6080, 6081)	(2, 2)	0.0ppm
6083	(6085, 6086)	(3, 3)	0.52ppm
6090	(6092, 6093)	(2, 2)	21.95ppm
6098	(6100, 6101)	(2, 2)	1.73ppm
6148	(6153, 6154)	(2, 2)	0.87ppm
6157	(6162, 6163)	(2, 2)	0.22ppm
6188	(6190, 6191)	(3, 3)	2.58ppm
6233	(6235, 6236)	(2, 2)	1.35ppm
6234	(6238, 6239)	(2, 2)	0.66ppm
6285	(6286, 6287)	(2, 2)	1.11ppm
6314	(6315, 6316)	(2, 2)	0.39ppm
6361	(6363, 6364)	(2, 2)	3.88ppm
6370	(6372, 6373)	(2, 2)	2.13ppm
6379	(6381, 6382)	(2, 2)	0.59ppm
6393	(6398, 6399)	(2, 2)	1.06ppm
6421	(6423, 6424)	(3, 0)	2.19ppm
6431	(6436, 6437)	(2, 2)	0.83ppm
6454	(6456, 6457)	(3, 3)	19.57ppm
6458	(6463, 6464)	(2, 2)	0.92ppm
6471	(6473, 6474)	(2, 2)	1.11ppm
6488	(6490, 6491)	(2, 2)	0.0ppm
6502	(6504, 6505)	(3, 3)	14.88ppm
6507	(6512, 6513)	(2, 2)	0.97ppm
6515	(6517, 6518)	(3, 0)	1.39ppm
6570	(6572, 6573)	(3, 3)	8.81ppm
6589	(6594, 6595)	(2, 2)	28.34ppm
6597	(6598, 6599)	(3, 3)	8.2ppm
6603	(6608, 6609)	(3, 3)	27.34ppm
6659	(6661, 6662)	(2, 2)	0.48ppm
6669	(6674, 6675)	(2, 2)	0.42ppm
6688	(6690, 6691)	(2, 2)	1.16ppm
6697	(6699, 6700)	(2, 2)	8.94ppm
6701	(6703, 6704)	(2, 2)	1.37ppm
6705	(6707, 6708)	(2, 2)	0.43ppm
6726	(6728, 6729)	(2, 2)	0.58ppm
6774	(6776, 6777)	(2, 2)	0.95ppm
6790	(6795, 6796)	(2, 2)	1.93ppm
6798	(6800, 6801)	(2, 2)	0.87ppm
6809	(6814, 6815)	(3, 3)	6.19ppm
6817	(6819, 6820)	(2, 2)	1.3ppm
6825	(6827, 6828)	(2, 2)	1.09ppm
6834	(6836, 6837)	(2, 2)	4.79ppm
6852	(6857, 6858)	(2, 2)	1.98ppm
6860	(6865, 6866)	(2, 2)	7.05ppm
6872	(6874, 6875)	(2, 2)	0.0ppm
6878	(6880, 6881)	(3, 0)	29.51ppm
6888	(6893, 6894)	(3, 3)	25.59ppm
6895	(6897, 6898)	(3, 0)	12.48ppm
6909	(6911, 6912)	(3, 0)	2.15ppm
6910	(6914, 6915)	(4, 4)	7.12ppm
6913	(6916, 6917)	(2, 2)	0.21ppm
6918	(6920, 6921)	(3, 3)	0.59ppm
6919	(6922, 6923)	(3, 0)	15.14ppm
6924	(6926, 6927)	(3, 3)	3.41ppm
6939	(6941, 6942)	(2, 2)	12.24ppm
6944	(6949, 6950)	(4, 4)	24.58ppm
6977	(6979, 6980)	(2, 2)	1.05ppm
6978	(6981, 6982)	(2, 2)	1.46ppm
6983	(6985, 6986)	(2, 2)	0.0ppm
6984	(6988, 6989)	(2, 2)	0.48ppm
7012	(7014, 7015)	(2, 2)	3.71ppm
7013	(7017, 7018)	(2, 2)	1.58ppm
7016	(7019, 7020)	(2, 2)	0.25ppm
7055	(7057, 7058)	(2, 2)	0.16ppm
7064	(7066, 7067)	(2, 2)	9.92ppm
7079	(7081, 7082)	(2, 2)	0.8ppm
7086	(7091, 7092)	(2, 2)	0.42ppm
7101	(7106, 7107)	(2, 2)	1.67ppm
7109	(7114, 7115)	(2, 2)	4.12ppm
7118	(7120, 7121)	(2, 2)	1.77ppm
7119	(7122, 7123)	(2, 2)	3.18ppm
7142	(7144, 7145)	(2, 2)	28.24ppm
7143	(7147, 7148)	(3, 3)	11.42ppm
7161	(7166, 7167)	(2, 2)	5.28ppm
7169	(7171, 7172)	(2, 2)	1.49ppm
7170	(7174, 7175)	(2, 2)	0.21ppm
7184	(7186, 7187)	(3, 3)	29.26ppm
7189	(7194, 7195)	(3, 0)	8.21ppm
7196	(7198, 7199)	(2, 2)	0.69ppm
7197	(7200, 7201)	(2, 2)	1.67ppm
7202	(7204, 7205)	(3, 3)	0.15ppm
7203	(7207, 7208)	(2, 2)	6.09ppm
7211	(7216, 7217)	(3, 3)	4.41ppm
7240	(7245, 7246)	(3, 3)	0.15ppm
7253	(7255, 7256)	(2, 2)	0.63ppm
7258	(7263, 7264)	(3, 3)	0.59ppm
7267	(7272, 7273)	(3, 3)	6.95ppm
7275	(7277, 7278)	(2, 2)	12.4ppm
7283	(7285, 7286)	(2, 2)	1.41ppm
7293	(7295, 7296)	(2, 2)	0.49ppm
7294	(7298, 7299)	(3, 3)	0.06ppm
7316	(7318, 7319)	(2, 2)	0.45ppm
7320	(7322, 7323)	(2, 2)	0.87ppm
7335	(7337, 7338)	(2, 2)	0.29ppm
7344	(7346, 7347)	(4, 4)	3.66ppm
7345	(7348, 7349)	(2, 2)	0.37ppm
7350	(7352, 7353)	(2, 2)	0.45ppm
7412	(7414, 7415)	(2, 2)	1.48ppm
7420	(7422, 7423)	(2, 2)	0.43ppm
7428	(7430, 7431)	(2, 2)	0.3ppm
7444	(7446, 7447)	(2, 2)	0.63ppm
7493	(7495, 7496)	(3, 0)	1.3ppm
7500	(7502, 7503)	(2, 2)	5.75ppm
7501	(7505, 7506)	(4, 4)	0.74ppm
7507	(7509, 7510)	(3, 3)	3.68ppm
7508	(7511, 7512)	(2, 2)	0.64ppm
7513	(7515, 7516)	(4, 4)	0.0ppm
7526	(7528, 7529)	(2, 2)	1.2ppm
7530	(7535, 7536)	(2, 2)	1.0ppm
7547	(7549, 7550)	(2, 2)	7.12ppm
7554	(7556, 7557)	(2, 2)	0.49ppm
7570	(7572, 7573)	(2, 2)	2.4ppm
7578	(7580, 7581)	(2, 2)	4.7ppm
7606	(7608, 7609)	(2, 2)	25.44ppm
7626	(7628, 7629)	(3, 0)	27.0ppm
7657	(7659, 7660)	(2, 2)	4.64ppm
7658	(7661, 7662)	(3, 0)	15.63ppm
7665	(7670, 7671)	(2, 2)	7.53ppm
7685	(7687, 7688)	(2, 2)	26.39ppm
7689	(7694, 7695)	(2, 2)	22.7ppm
7697	(7702, 7703)	(3, 0)	26.49ppm
7715	(7717, 7718)	(3, 3)	2.09ppm
7726	(7731, 7732)	(3, 3)	19.84ppm
7734	(7736, 7737)	(2, 2)	25.64ppm
7738	(7740, 7741)	(2, 2)	2.91ppm
7763	(7765, 7766)	(4, 4)	2.14ppm
7764	(7767, 7768)	(3, 3)	0.31ppm
7798	(7803, 7804)	(3, 3)	6.54ppm
7820	(7822, 7823)	(3, 3)	12.49ppm
7858	(7860, 7861)	(5, 5)	1.29ppm
7870	(7872, 7873)	(3, 3)	4.39ppm
7871	(7876, 7877)	(3, 3)	7.44ppm
7884	(7886, 7887)	(2, 2)	1.48ppm
7914	(7919, 7920)	(2, 2)	0.12ppm
7953	(7955, 7956)	(2, 2)	1.37ppm
7970	(7975, 7976)	(3, 3)	0.3ppm
7977	(7979, 7980)	(3, 0)	6.3ppm
7983	(7988, 7989)	(3, 3)	26.15ppm
7990	(7992, 7993)	(3, 3)	2.92ppm
7991	(7995, 7996)	(2, 2)	2.55ppm
7998	(8000, 8001)	(2, 2)	7.39ppm
8041	(8046, 8047)	(2, 2)	13.15ppm
8048	(8050, 8051)	(3, 0)	13.65ppm
8056	(8058, 8059)	(3, 3)	1.2ppm
8057	(8061, 8062)	(3, 3)	0.42ppm
8070	(8072, 8073)	(2, 2)	1.37ppm
8075	(8080, 8081)	(2, 2)	0.25ppm
8082	(8084, 8085)	(2, 2)	7.63ppm
8086	(8088, 8089)	(2, 2)	0.0ppm
8090	(8092, 8093)	(2, 2)	3.68ppm
8091	(8094, 8095)	(2, 2)	1.6ppm
8097	(8099, 8100)	(3, 0)	10.06ppm
8110	(8112, 8113)	(2, 2)	2.16ppm
8111	(8115, 8116)	(3, 3)	5.86ppm
8126	(8128, 8129)	(3, 3)	0.93ppm
8142	(8144, 8145)	(3, 3)	9.76ppm
8164	(8169, 8170)	(3, 3)	2.55ppm
8181	(8183, 8184)	(3, 0)	8.57ppm
8185	(8187, 8188)	(3, 0)	15.76ppm
8208	(8210, 8211)	(2, 2)	1.2ppm
8229	(8231, 8232)	(2, 2)	0.9ppm
8230	(8234, 8235)	(3, 3)	13.84ppm
8246	(8248, 8249)	(2, 2)	17.15ppm
8255	(8257, 8258)	(4, 4)	1.23ppm
8259	(8264, 8265)	(3, 3)	0.04ppm
8279	(8281, 8282)	(3, 3)	5.66ppm
8299	(8304, 8305)	(3, 3)	29.22ppm
8306	(8307, 8308)	(3, 0)	3.43ppm
8323	(8324, 8325)	(3, 3)	4.61ppm
8361	(8363, 8364)	(3, 3)	0.41ppm
8381	(8386, 8387)	(2, 2)	7.65ppm
8410	(8415, 8416)	(3, 3)	0.07ppm
8417	(8419, 8420)	(3, 3)	2.64ppm
8443	(8445, 8446)	(3, 3)	28.94ppm
8455	(8457, 8458)	(2, 2)	0.51ppm
8460	(8461, 8462)	(2, 2)	0.81ppm
8476	(8481, 8482)	(3, 3)	5.17ppm
8503	(8505, 8506)	(3, 0)	21.06ppm
8532	(8534, 8535)	(2, 2)	27.64ppm
8557	(8559, 8560)	(2, 2)	20.39ppm
8571	(8576, 8577)	(3, 3)	0.26ppm
8584	(8586, 8587)	(2, 2)	0.47ppm
8600	(8604, 8605)	(3, 3)	4.87ppm
8603	(8606, 8607)	(2, 2)	5.14ppm
8610	(8615, 8616)	(2, 2)	0.3ppm
8624	(8626, 8627)	(3, 3)	1.77ppm
8632	(8634, 8635)	(2, 2)	0.15ppm
8633	(8637, 8638)	(3, 3)	0.15ppm
8649	(8651, 8652)	(3, 0)	19.52ppm
8650	(8653, 8654)	(2, 2)	0.64ppm
8667	(8672, 8673)	(2, 2)	0.21ppm
8689	(8691, 8692)	(2, 2)	1.73ppm
8690	(8694, 8695)	(2, 2)	3.53ppm
8696	(8698, 8699)	(3, 3)	0.93ppm
8715	(8716, 8717)	(2, 2)	1.89ppm
8726	(8731, 8732)	(2, 2)	12.98ppm
8740	(8745, 8746)	(3, 3)	0.15ppm
8751	(8756, 8757)	(4, 4)	6.35ppm
8790	(8795, 8796)	(2, 2)	3.0ppm
8807	(8809, 8810)	(2, 2)	6.83ppm
8824	(8829, 8830)	(2, 2)	1.03ppm
8832	(8837, 8838)	(3, 3)	2.47ppm
8839	(8841, 8842)	(4, 4)	3.03ppm
8846	(8851, 8852)	(3, 3)	12.56ppm
8859	(8861, 8862)	(3, 3)	3.86ppm
8863	(8868, 8869)	(3, 3)	1.38ppm
8871	(8876, 8877)	(3, 3)	0.42ppm
8896	(8898, 8899)	(3, 3)	0.5ppm
8918	(8923, 8924)	(3, 0)	6.65ppm
8926	(8931, 8932)	(3, 0)	28.02ppm
8946	(8951, 8952)	(2, 2)	0.36ppm
9023	(9025, 9026)	(2, 2)	1.42ppm
9039	(9044, 9045)	(2, 2)	23.51ppm
9046	(9048, 9049)	(2, 2)	11.03ppm
9106	(9108, 9109)	(2, 2)	9.81ppm
9111	(9116, 9117)	(2, 2)	0.57ppm
9118	(9120, 9121)	(3, 0)	8.36ppm
9124	(9126, 9127)	(2, 2)	17.57ppm
9133	(9135, 9136)	(2, 2)	0.18ppm
9134	(9138, 9139)	(2, 2)	1.13ppm
9166	(9171, 9172)	(2, 2)	23.83ppm
9174	(9175, 9176)	(3, 0)	3.17ppm
9191	(9196, 9197)	(2, 2)	0.87ppm
9198	(9200, 9201)	(2, 2)	2.77ppm
9199	(9203, 9204)	(2, 2)	5.12ppm
9213	(9215, 9216)	(2, 2)	0.37ppm
9228	(9229, 9230)	(2, 2)	23.65ppm
9232	(9234, 9235)	(2, 2)	1.42ppm
9233	(9237, 9238)	(2, 2)	0.27ppm
9250	(9252, 9253)	(3, 3)	28.79ppm
9256	(9258, 9259)	(2, 2)	15.55ppm
9273	(9278, 9279)	(2, 2)	18.55ppm
9283	(9284, 9285)	(2, 2)	5.33ppm
9297	(9298, 9299)	(3, 0)	4.19ppm
9319	(9320, 9321)	(2, 2)	1.95ppm
9358	(9360, 9361)	(2, 2)	0.18ppm
9416	(9417, 9418)	(3, 3)	4.57ppm
9449	(9451, 9452)	(3, 3)	26.57ppm
9455	(9457, 9458)	(3, 3)	3.34ppm
9456	(9459, 9460)	(2, 2)	0.36ppm
9463	(9468, 9469)	(3, 3)	12.78ppm
9522	(9527, 9528)	(2, 2)	5.22ppm
9530	(9531, 9532)	(2, 2)	0.12ppm
9536	(9538, 9539)	(2, 2)	3.68ppm
9571	(9572, 9573)	(3, 3)	19.27ppm
9575	(9577, 9578)	(2, 2)	2.27ppm
9588	(9590, 9591)	(3, 3)	29.46ppm
9589	(9592, 9593)	(2, 2)	0.12ppm
9596	(9598, 9599)	(2, 2)	0.96ppm
9597	(9600, 9601)	(3, 0)	15.0ppm
9620	(9622, 9623)	(3, 3)	19.6ppm
9625	(9630, 9631)	(3, 3)	0.91ppm
9635	(9636, 9637)	(2, 2)	19.69ppm
9640	(9645, 9646)	(2, 2)	7.8ppm
9666	(9671, 9672)	(3, 0)	11.42ppm
9699	(9700, 9701)	(3, 3)	22.38ppm
9715	(9717, 9718)	(2, 2)	26.59ppm
9727	(9729, 9730)	(2, 2)	1.52ppm
9732	(9734, 9735)	(3, 3)	0.24ppm
9737	(9739, 9740)	(2, 2)	23.62ppm
9742	(9747, 9748)	(3, 3)	1.18ppm
9762	(9764, 9765)	(2, 2)	0.85ppm
9787	(9792, 9793)	(3, 3)	18.99ppm
9802	(9807, 9808)	(2, 2)	2.13ppm
9811	(9816, 9817)	(4, 4)	1.61ppm
9825	(9827, 9828)	(3, 0)	12.89ppm
9826	(9829, 9830)	(3, 3)	25.54ppm
9831	(9832, 9833)	(3, 3)	0.6ppm
9861	(9863, 9864)	(2, 2)	0.64ppm
9903	(9905, 9906)	(2, 2)	24.03ppm
9912	(9914, 9915)	(2, 2)	2.36ppm
9928	(9930, 9931)	(2, 2)	1.36ppm
9942	(9944, 9945)	(3, 3)	1.41ppm
9946	(9951, 9952)	(3, 3)	0.39ppm
9959	(9961, 9962)	(2, 2)	9.37ppm
9968	(9973, 9974)	(2, 2)	2.04ppm
9978	(9983, 9984)	(2, 2)	0.18ppm
9992	(9994, 9995)	(3, 3)	15.44ppm
10001	(10002, 10003)	(3, 3)	20.5ppm
10016	(10018, 10019)	(2, 2)	0.66ppm
10024	(10026, 10027)	(3, 3)	29.7ppm
10037	(10039, 10040)	(3, 3)	19.95ppm
10051	(10056, 10057)	(2, 2)	0.28ppm
10061	(10063, 10064)	(3, 0)	13.46ppm
10065	(10067, 10068)	(3, 3)	11.65ppm
10088	(10090, 10091)	(5, 5)	2.04ppm
10101	(10103, 10104)	(3, 3)	14.68ppm
10127	(10129, 10130)	(2, 2)	17.6ppm
10163	(10168, 10169)	(3, 3)	0.06ppm
10231	(10233, 10234)	(3, 0)	3.74ppm
10235	(10237, 10238)	(2, 2)	17.56ppm
10236	(10240, 10241)	(2, 2)	20.96ppm
10253	(10255, 10256)	(3, 3)	9.71ppm
10303	(10305, 10306)	(2, 2)	19.71ppm
10349	(10354, 10355)	(2, 2)	20.83ppm
10356	(10358, 10359)	(2, 2)	8.53ppm
10365	(10367, 10368)	(3, 0)	3.96ppm
10439	(10444, 10445)	(2, 2)	0.65ppm
10455	(10457, 10458)	(2, 2)	0.76ppm
10467	(10476, 10477)	(2, 2)	7.56ppm
10506	(10511, 10512)	(3, 3)	11.62ppm
10515	(10520, 10521)	(2, 2)	18.79ppm
10523	(10528, 10529)	(3, 3)	1.34ppm
10543	(10548, 10549)	(3, 3)	1.93ppm
10558	(10560, 10561)	(2, 2)	4.51ppm
10602	(10607, 10608)	(3, 3)	2.09ppm
10610	(10615, 10616)	(2, 2)	24.4ppm
10619	(10624, 10625)	(2, 2)	4.54ppm
10750	(10752, 10753)	(3, 0)	2.31ppm
10751	(10755, 10756)	(3, 3)	1.49ppm
10759	(10764, 10765)	(2, 2)	3.54ppm
10789	(10791, 10792)	(2, 2)	16.13ppm
10844	(10846, 10847)	(2, 2)	5.55ppm
10893	(10898, 10899)	(2, 2)	0.24ppm
10954	(10956, 10957)	(2, 2)	0.24ppm
10955	(10958, 10959)	(2, 2)	16.43ppm
10960	(10962, 10963)	(3, 3)	0.37ppm
10968	(10970, 10971)	(2, 2)	0.14ppm
10975	(10980, 10981)	(3, 0)	3.42ppm
11081	(11082, 11083)	(2, 2)	4.53ppm
11085	(11087, 11088)	(3, 3)	2.07ppm
11086	(11090, 11091)	(2, 2)	3.68ppm
11093	(11095, 11096)	(2, 2)	1.09ppm
11107	(11112, 11113)	(2, 2)	2.55ppm
11116	(11118, 11119)	(2, 2)	1.09ppm
11127	(11132, 11133)	(2, 2)	1.3ppm
11135	(11140, 11141)	(2, 2)	10.9ppm
11143	(11145, 11146)	(2, 2)	4.89ppm
11194	(11195, 11196)	(2, 2)	4.14ppm
11215	(11220, 11221)	(2, 2)	4.96ppm
11222	(11224, 11225)	(2, 2)	0.58ppm
11223	(11227, 11228)	(2, 2)	0.79ppm
11231	(11233, 11234)	(2, 2)	18.96ppm
11235	(11240, 11241)	(3, 3)	0.33ppm
11258	(11260, 11261)	(3, 3)	0.88ppm
11322	(11327, 11328)	(3, 0)	1.17ppm
11358	(11363, 11364)	(4, 4)	6.72ppm
11425	(11430, 11431)	(3, 3)	2.11ppm
11453	(11455, 11456)	(2, 2)	0.37ppm
11458	(11463, 11464)	(2, 2)	0.71ppm
11529	(11534, 11535)	(2, 2)	0.12ppm
11745	(11750, 11751)	(2, 2)	0.38ppm
11873	(11875, 11876)	(2, 2)	0.37ppm
11898	(11900, 11901)	(2, 2)	4.83ppm
11914	(11916, 11917)	(3, 3)	6.79ppm
11929	(11934, 11935)	(2, 2)	10.6ppm
11991	(11996, 11997)	(3, 3)	0.64ppm
12005	(12010, 12011)	(2, 2)	4.77ppm
12089	(12094, 12095)	(3, 3)	8.26ppm
12148	(12153, 12154)	(3, 3)	11.59ppm
12161	(12166, 12167)	(2, 2)	0.64ppm
12211	(12216, 12217)	(3, 3)	3.43ppm
12256	(12261, 12262)	(3, 3)	1.04ppm
12273	(12275, 12276)	(3, 3)	10.46ppm
12314	(12316, 12317)	(2, 2)	1.66ppm
12337	(12339, 12340)	(3, 3)	8.43ppm
12516	(12521, 12522)	(2, 2)	0.45ppm
12524	(12529, 12530)	(3, 3)	2.14ppm
12531	(12533, 12534)	(3, 3)	0.41ppm
12547	(12549, 12550)	(2, 2)	0.28ppm
12562	(12564, 12565)	(3, 3)	0.05ppm
12601	(12603, 12604)	(3, 3)	12.61ppm
12646	(12651, 12652)	(3, 3)	1.06ppm
12663	(12665, 12666)	(3, 3)	1.08ppm
12725	(12727, 12728)	(2, 2)	0.73ppm
12726	(12729, 12730)	(2, 2)	0.62ppm
12747	(12752, 12753)	(3, 3)	2.57ppm
12754	(12756, 12757)	(3, 3)	0.71ppm
12779	(12784, 12785)	(3, 3)	0.42ppm
12787	(12789, 12790)	(3, 3)	3.71ppm
12840	(12845, 12846)	(3, 0)	7.99ppm
12848	(12853, 12854)	(2, 2)	19.67ppm
12855	(12857, 12858)	(3, 3)	12.85ppm
12856	(12859, 12860)	(2, 2)	0.3ppm
12883	(12885, 12886)	(3, 0)	15.56ppm
12907	(12909, 12910)	(2, 2)	0.31ppm
12911	(12916, 12917)	(3, 0)	4.64ppm
12950	(12955, 12956)	(3, 0)	0.05ppm
12957	(12959, 12960)	(2, 2)	5.83ppm
12969	(12971, 12972)	(2, 2)	0.62ppm
12974	(12979, 12980)	(2, 2)	9.38ppm
12982	(12985, 12986)	(2, 2)	16.97ppm
12991	(12993, 12994)	(2, 2)	1.47ppm
13004	(13009, 13010)	(2, 2)	2.08ppm
13011	(13013, 13014)	(2, 2)	3.54ppm
13015	(13017, 13018)	(3, 0)	29.66ppm
13016	(13019, 13020)	(2, 2)	5.19ppm
13021	(13023, 13024)	(2, 2)	0.14ppm
13037	(13039, 13040)	(3, 3)	14.27ppm
13050	(13052, 13053)	(2, 2)	0.0ppm
13085	(13087, 13088)	(3, 3)	7.35ppm
13113	(13114, 13115)	(3, 3)	0.44ppm
13147	(13149, 13150)	(3, 3)	2.35ppm
13154	(13159, 13160)	(3, 0)	7.28ppm
13240	(13242, 13243)	(2, 2)	0.27ppm
13241	(13244, 13245)	(3, 3)	5.29ppm
13246	(13247, 13248)	(2, 2)	4.05ppm
13262	(13267, 13268)	(3, 3)	23.79ppm
13269	(13271, 13272)	(3, 3)	8.74ppm
13285	(13290, 13291)	(2, 2)	0.31ppm
13292	(13294, 13295)	(2, 2)	0.42ppm
13329	(13334, 13335)	(3, 0)	0.36ppm
13391	(13396, 13397)	(4, 4)	13.08ppm
13428	(13433, 13434)	(3, 3)	2.51ppm
13472	(13477, 13478)	(2, 2)	21.5ppm
13480	(13485, 13486)	(2, 2)	4.73ppm
13508	(13510, 13511)	(2, 2)	16.78ppm
13558	(13563, 13564)	(2, 2)	23.83ppm
13591	(13592, 13593)	(3, 3)	2.61ppm
13622	(13623, 13624)	(2, 2)	20.82ppm
13628	(13633, 13634)	(3, 3)	1.42ppm
13667	(13668, 13669)	(2, 2)	0.46ppm
13671	(13673, 13674)	(2, 2)	19.52ppm
13672	(13676, 13677)	(4, 4)	5.15ppm
13690	(13691, 13692)	(2, 2)	4.45ppm
13694	(13696, 13697)	(5, 5)	0.4ppm
13708	(13713, 13714)	(3, 0)	0.79ppm
13736	(13738, 13739)	(2, 2)	1.07ppm
13777	(13782, 13783)	(5, 5)	12.47ppm
13785	(13790, 13791)	(3, 3)	8.92ppm
13810	(13815, 13816)	(2, 2)	0.08ppm
13828	(13833, 13834)	(2, 2)	2.74ppm
13841	(13846, 13847)	(2, 2)	19.76ppm
13860	(13862, 13863)	(3, 0)	0.17ppm
13861	(13865, 13866)	(5, 5)	0.24ppm
13864	(13868, 13869)	(3, 3)	4.55ppm
13867	(13871, 13872)	(3, 3)	4.52ppm
13886	(13891, 13892)	(2, 2)	4.17ppm
13924	(13926, 13927)	(3, 3)	7.01ppm
13935	(13937, 13938)	(2, 2)	1.3ppm
13943	(13945, 13946)	(2, 2)	6.13ppm
13956	(13958, 13959)	(3, 3)	20.44ppm
13979	(13981, 13982)	(3, 0)	15.14ppm
14037	(14039, 14040)	(2, 2)	20.65ppm
14046	(14051, 14052)	(3, 0)	2.41ppm
14098	(14103, 14104)	(3, 3)	0.19ppm
14106	(14111, 14112)	(3, 3)	5.07ppm
14113	(14115, 14116)	(3, 0)	4.72ppm
14114	(14117, 14118)	(2, 2)	3.75ppm
14119	(14121, 14122)	(2, 2)	0.64ppm
14120	(14123, 14124)	(2, 2)	4.66ppm
14138	(14143, 14144)	(2, 2)	0.48ppm
14147	(14149, 14150)	(3, 0)	1.07ppm
14156	(14158, 14159)	(2, 2)	0.08ppm
14164	(14166, 14167)	(3, 3)	5.16ppm
14215	(14220, 14221)	(2, 2)	1.67ppm
14244	(14249, 14250)	(3, 3)	6.4ppm
14262	(14264, 14265)	(3, 0)	0.82ppm
14293	(14295, 14296)	(2, 2)	0.13ppm
14307	(14312, 14313)	(2, 2)	1.8ppm
14315	(14317, 14318)	(2, 2)	4.05ppm
14346	(14351, 14352)	(2, 2)	20.27ppm
14378	(14383, 14384)	(2, 2)	2.57ppm
14385	(14387, 14388)	(3, 3)	9.03ppm
14461	(14463, 14464)	(2, 2)	1.5ppm
14476	(14478, 14479)	(2, 2)	22.06ppm
14477	(14481, 14482)	(4, 4)	11.18ppm
14483	(14485, 14486)	(2, 2)	1.32ppm
14494	(14499, 14500)	(2, 2)	1.61ppm
14529	(14534, 14535)	(2, 2)	0.66ppm
14549	(14554, 14555)	(2, 2)	1.1ppm
14602	(14607, 14608)	(3, 3)	4.8ppm
14616	(14618, 14619)	(3, 3)	3.72ppm
14620	(14625, 14626)	(3, 0)	7.89ppm
14652	(14657, 14658)	(2, 2)	5.47ppm
14671	(14676, 14677)	(3, 3)	15.9ppm
14704	(14709, 14710)	(2, 2)	27.75ppm
14765	(14770, 14771)	(2, 2)	1.09ppm
14780	(14782, 14783)	(2, 2)	1.0ppm
14819	(14824, 14825)	(2, 2)	21.95ppm
14852	(14854, 14855)	(2, 2)	11.0ppm
14900	(14905, 14906)	(3, 3)	7.63ppm
14908	(14913, 14914)	(3, 3)	0.84ppm
14928	(14933, 14934)	(3, 3)	1.04ppm
14956	(14958, 14959)	(2, 2)	14.13ppm
14961	(14965, 14966)	(2, 2)	0.72ppm
14964	(14967, 14968)	(2, 2)	18.29ppm
14969	(14971, 14972)	(3, 3)	24.23ppm
14973	(14978, 14979)	(3, 3)	0.13ppm
15000	(15005, 15006)	(2, 2)	0.65ppm
15007	(15009, 15010)	(2, 2)	2.84ppm
15024	(15026, 15027)	(2, 2)	18.88ppm
15081	(15083, 15084)	(2, 2)	3.61ppm
15095	(15097, 15098)	(3, 0)	8.97ppm
15121	(15123, 15124)	(3, 3)	1.27ppm
15167	(15169, 15170)	(2, 2)	6.16ppm
15186	(15188, 15189)	(3, 3)	1.11ppm
15227	(15229, 15230)	(2, 2)	3.84ppm
15228	(15232, 15233)	(3, 3)	1.49ppm
15234	(15239, 15240)	(2, 2)	6.06ppm
15249	(15254, 15255)	(2, 2)	12.14ppm
15267	(15269, 15270)	(3, 3)	2.86ppm
15268	(15271, 15272)	(3, 3)	0.26ppm
15274	(15276, 15277)	(2, 2)	23.36ppm
15275	(15279, 15280)	(2, 2)	0.35ppm
15331	(15336, 15337)	(2, 2)	1.37ppm
15414	(15416, 15417)	(3, 3)	18.26ppm
15467	(15472, 15473)	(2, 2)	8.17ppm
15475	(15477, 15478)	(2, 2)	3.95ppm
15476	(15480, 15481)	(4, 4)	0.48ppm
15496	(15498, 15499)	(2, 2)	27.45ppm
15500	(15505, 15506)	(3, 3)	5.64ppm
15719	(15721, 15722)	(2, 2)	1.86ppm
15758	(15760, 15761)	(3, 3)	1.79ppm
15759	(15763, 15764)	(3, 3)	2.77ppm
15807	(15809, 15810)	(2, 2)	0.99ppm
15811	(15816, 15817)	(3, 3)	1.56ppm
15830	(15835, 15836)	(3, 3)	0.37ppm
15838	(15843, 15844)	(2, 2)	7.39ppm
15846	(15851, 15852)	(2, 2)	20.27ppm
15890	(15892, 15893)	(3, 3)	0.27ppm
15918	(15923, 15924)	(5, 5)	1.61ppm
15938	(15940, 15941)	(2, 2)	3.71ppm
15952	(15957, 15958)	(3, 3)	3.1ppm
16067	(16072, 16073)	(2, 2)	24.31ppm
16100	(16105, 16106)	(3, 3)	0.07ppm
16144	(16146, 16147)	(3, 0)	9.18ppm
16264	(16266, 16267)	(2, 2)	0.18ppm
16322	(16327, 16328)	(2, 2)	24.49ppm
16367	(16369, 16370)	(2, 2)	0.59ppm
16446	(16448, 16449)	(3, 0)	10.31ppm
16460	(16465, 16466)	(2, 2)	3.0ppm
16479	(16481, 16482)	(2, 2)	23.69ppm
16531	(16533, 16534)	(3, 3)	2.79ppm
16545	(16547, 16548)	(3, 3)	0.56ppm
16558	(16560, 16561)	(2, 2)	0.81ppm
16649	(16654, 16655)	(2, 2)	6.79ppm
16690	(16695, 16696)	(3, 0)	1.7ppm
16697	(16699, 16700)	(3, 0)	24.87ppm
16761	(16763, 16764)	(3, 0)	3.69ppm
16762	(16766, 16767)	(2, 2)	2.69ppm
16769	(16774, 16775)	(3, 3)	7.55ppm
16776	(16778, 16779)	(3, 3)	3.78ppm
16802	(16804, 16805)	(3, 3)	2.49ppm
16898	(16900, 16901)	(2, 2)	2.55ppm
16978	(16983, 16984)	(3, 0)	28.29ppm
17007	(17012, 17013)	(2, 2)	9.58ppm
17038	(17043, 17044)	(5, 5)	2.46ppm
17068	(17073, 17074)	(2, 2)	1.88ppm
17076	(17081, 17082)	(3, 3)	4.31ppm
17083	(17085, 17086)	(3, 3)	2.12ppm
17118	(17123, 17124)	(3, 3)	6.54ppm
17234	(17235, 17236)	(2, 2)	0.76ppm
17238	(17240, 17241)	(2, 2)	15.82ppm
17261	(17263, 17264)	(2, 2)	25.73ppm
17262	(17266, 17267)	(3, 3)	2.74ppm
17274	(17279, 17280)	(2, 2)	19.25ppm
17336	(17341, 17342)	(2, 2)	15.8ppm
17382	(17387, 17388)	(3, 0)	2.47ppm
17432	(17437, 17438)	(2, 2)	7.92ppm
17486	(17488, 17489)	(2, 2)	17.59ppm
17490	(17495, 17496)	(2, 2)	3.95ppm
17498	(17503, 17504)	(4, 4)	0.52ppm
17507	(17509, 17510)	(3, 3)	22.59ppm
17521	(17523, 17524)	(2, 2)	0.0ppm
17540	(17545, 17546)	(3, 3)	19.63ppm
17547	(17549, 17550)	(3, 3)	1.06ppm
17562	(17567, 17568)	(3, 0)	6.08ppm
17596	(17598, 17599)	(2, 2)	6.09ppm
17631	(17633, 17634)	(3, 3)	0.37ppm
17665	(17667, 17668)	(2, 2)	2.99ppm
17666	(17670, 17671)	(2, 2)	19.54ppm
17674	(17676, 17677)	(3, 0)	0.17ppm
17678	(17680, 17681)	(3, 0)	1.97ppm
17720	(17722, 17723)	(3, 0)	15.51ppm
17765	(17767, 17768)	(2, 2)	3.56ppm
17775	(17780, 17781)	(3, 3)	2.08ppm
17783	(17788, 17789)	(2, 2)	1.24ppm
17811	(17813, 17814)	(3, 0)	2.8ppm
17933	(17938, 17939)	(3, 3)	0.21ppm
17988	(17990, 17991)	(2, 2)	28.29ppm
18033	(18035, 18036)	(3, 3)	0.93ppm
18072	(18077, 18078)	(3, 3)	9.14ppm
18093	(18098, 18099)	(2, 2)	1.21ppm
18122	(18124, 18125)	(3, 3)	0.94ppm
18142	(18147, 18148)	(3, 3)	8.03ppm
18163	(18165, 18166)	(3, 3)	18.26ppm
18178	(18183, 18184)	(4, 4)	21.39ppm
18206	(18208, 18209)	(3, 0)	5.41ppm
18207	(18211, 18212)	(3, 0)	11.46ppm
18222	(18224, 18225)	(4, 4)	1.66ppm
18223	(18227, 18228)	(4, 4)	1.01ppm
18284	(18286, 18287)	(3, 3)	0.68ppm
18288	(18293, 18294)	(3, 0)	0.03ppm
18345	(18347, 18348)	(2, 2)	5.57ppm
18346	(18350, 18351)	(3, 3)	12.18ppm
18416	(18418, 18419)	(3, 3)	1.04ppm
18423	(18428, 18429)	(3, 3)	0.64ppm
18436	(18438, 18439)	(3, 0)	2.11ppm
18453	(18458, 18459)	(2, 2)	0.32ppm
18485	(18487, 18488)	(3, 3)	1.98ppm
18505	(18507, 18508)	(3, 3)	2.99ppm
18553	(18555, 18556)	(3, 3)	3.52ppm
18594	(18599, 18600)	(2, 2)	0.15ppm
18603	(18605, 18606)	(2, 2)	0.24ppm
18658	(18663, 18664)	(3, 3)	1.22ppm
18675	(18677, 18678)	(3, 3)	3.64ppm
18724	(18726, 18727)	(4, 4)	1.3ppm
18761	(18763, 18764)	(2, 2)	22.68ppm
18782	(18784, 18785)	(3, 3)	1.92ppm
18795	(18797, 18798)	(2, 2)	2.66ppm
18809	(18814, 18815)	(3, 0)	15.81ppm
18835	(18840, 18841)	(3, 0)	10.25ppm
18938	(18940, 18941)	(3, 3)	22.28ppm
18944	(18949, 18950)	(2, 2)	29.91ppm
18975	(18977, 18978)	(2, 2)	3.19ppm
19012	(19014, 19015)	(2, 2)	0.23ppm
19027	(19031, 19032)	(4, 4)	3.29ppm
19044	(19046, 19047)	(3, 3)	8.65ppm
19048	(19053, 19054)	(2, 2)	0.7ppm
19082	(19084, 19085)	(3, 3)	1.07ppm
19083	(19087, 19088)	(3, 3)	1.02ppm
19146	(19148, 19149)	(3, 3)	16.18ppm
19147	(19151, 19152)	(3, 3)	2.12ppm
19158	(19163, 19164)	(3, 0)	7.83ppm
19165	(19167, 19168)	(3, 3)	0.04ppm
19176	(19178, 19179)	(4, 4)	2.19ppm
19183	(19188, 19189)	(3, 0)	1.69ppm
19190	(19192, 19193)	(3, 3)	0.77ppm
19203	(19205, 19206)	(3, 3)	25.24ppm
19207	(19212, 19213)	(2, 2)	1.87ppm
19217	(19222, 19223)	(3, 3)	3.58ppm
19268	(19270, 19271)	(2, 2)	0.17ppm
19334	(19336, 19337)	(2, 2)	4.59ppm
19335	(19338, 19339)	(2, 2)	0.09ppm
19343	(19348, 19349)	(2, 2)	24.86ppm
19380	(19385, 19386)	(3, 3)	12.9ppm
19401	(19403, 19404)	(2, 2)	12.98ppm
19406	(19408, 19409)	(2, 2)	1.17ppm
19419	(19421, 19422)	(3, 3)	7.81ppm
19423	(19425, 19426)	(3, 3)	1.07ppm
19485	(19490, 19491)	(3, 3)	1.26ppm
19493	(19495, 19496)	(2, 2)	3.8ppm
19501	(19503, 19504)	(3, 3)	12.79ppm
19508	(19510, 19511)	(2, 2)	0.48ppm
19552	(19554, 19555)	(3, 3)	1.67ppm
19561	(19563, 19564)	(2, 2)	9.26ppm
19562	(19565, 19566)	(4, 4)	3.04ppm
19568	(19573, 19574)	(4, 4)	4.66ppm
19575	(19577, 19578)	(3, 0)	3.1ppm
19582	(19587, 19588)	(3, 3)	0.44ppm
19613	(19615, 19616)	(2, 2)	8.43ppm
19614	(19617, 19618)	(3, 3)	1.52ppm
19621	(19626, 19627)	(3, 0)	25.1ppm
19628	(19630, 19631)	(3, 3)	3.14ppm
19629	(19632, 19633)	(4, 4)	2.8ppm
19634	(19636, 19637)	(3, 0)	18.81ppm
19638	(19643, 19644)	(3, 3)	0.86ppm
19670	(19675, 19676)	(3, 0)	1.42ppm
19680	(19685, 19686)	(2, 2)	0.98ppm
19688	(19690, 19691)	(3, 0)	0.42ppm
19703	(19705, 19706)	(3, 0)	10.84ppm
19709	(19714, 19715)	(3, 3)	7.9ppm
19717	(19720, 19721)	(4, 4)	2.65ppm
19731	(19736, 19737)	(2, 2)	0.94ppm
19758	(19760, 19761)	(2, 2)	0.15ppm
19763	(19768, 19769)	(4, 4)	15.44ppm
19773	(19778, 19779)	(4, 4)	1.51ppm
19795	(19797, 19798)	(3, 0)	10.07ppm
19803	(19808, 19809)	(3, 0)	1.84ppm
19816	(19818, 19819)	(3, 3)	4.59ppm
19823	(19825, 19826)	(3, 0)	7.06ppm
19847	(19849, 19850)	(3, 3)	0.83ppm
19853	(19855, 19856)	(2, 2)	2.54ppm
19857	(19859, 19860)	(4, 4)	1.85ppm
19864	(19869, 19870)	(2, 2)	2.46ppm
19878	(19880, 19881)	(4, 4)	1.92ppm
19882	(19884, 19885)	(3, 3)	1.66ppm
19887	(19889, 19890)	(2, 2)	3.25ppm
19899	(19901, 19902)	(2, 2)	0.86ppm
19900	(19904, 19905)	(2, 2)	1.33ppm
19910	(19912, 19913)	(2, 2)	0.47ppm
19928	(19930, 19931)	(3, 0)	3.73ppm
19985	(19990, 19991)	(2, 2)	1.28ppm
19993	(19995, 19996)	(3, 3)	3.28ppm
20007	(20009, 20010)	(3, 3)	0.76ppm
20008	(20011, 20012)	(2, 2)	2.28ppm
20037	(20039, 20040)	(3, 0)	14.45ppm
20043	(20045, 20046)	(2, 2)	6.34ppm
20047	(20049, 20050)	(2, 2)	2.45ppm
20065	(20067, 20068)	(2, 2)	2.16ppm
20074	(20076, 20077)	(2, 2)	27.85ppm
20075	(20078, 20079)	(3, 3)	8.67ppm
20081	(20083, 20084)	(4, 4)	9.07ppm
20082	(20085, 20086)	(3, 3)	0.8ppm
20099	(20101, 20102)	(2, 2)	3.75ppm
20116	(20118, 20119)	(3, 3)	13.84ppm
20142	(20144, 20145)	(2, 2)	0.93ppm
20176	(20178, 20179)	(2, 2)	4.78ppm
20185	(20187, 20188)	(3, 3)	4.69ppm
20192	(20194, 20195)	(2, 2)	24.94ppm
20197	(20199, 20200)	(2, 2)	6.06ppm
20205	(20207, 20208)	(3, 3)	2.37ppm
20238	(20240, 20241)	(3, 0)	0.12ppm
20270	(20272, 20273)	(2, 2)	0.7ppm
20292	(20294, 20295)	(2, 2)	6.01ppm
20297	(20299, 20300)	(3, 3)	0.11ppm
20302	(20304, 20305)	(2, 2)	1.45ppm
20310	(20312, 20313)	(3, 3)	0.06ppm
20311	(20314, 20315)	(3, 3)	0.67ppm
20316	(20318, 20319)	(3, 3)	1.32ppm
20321	(20326, 20327)	(2, 2)	16.38ppm
20342	(20344, 20345)	(3, 3)	1.63ppm
20346	(20348, 20349)	(3, 3)	0.6ppm
20351	(20353, 20354)	(2, 2)	24.8ppm
20355	(20357, 20358)	(3, 0)	3.09ppm
20356	(20359, 20360)	(3, 3)	1.1ppm
20374	(20379, 20380)	(2, 2)	1.22ppm
20532	(20537, 20538)	(3, 3)	2.16ppm
20539	(20541, 20542)	(3, 3)	0.12ppm
20589	(20594, 20595)	(3, 3)	0.95ppm
20596	(20598, 20599)	(4, 4)	7.14ppm
20604	(20606, 20607)	(2, 2)	8.63ppm
20613	(20618, 20619)	(3, 3)	0.31ppm
20620	(20622, 20623)	(3, 0)	0.13ppm
20646	(20648, 20649)	(3, 0)	1.75ppm
20655	(20657, 20658)	(3, 0)	8.79ppm
20656	(20659, 20660)	(3, 3)	1.62ppm
20700	(20702, 20703)	(2, 2)	4.26ppm
20704	(20709, 20710)	(2, 2)	16.84ppm
20723	(20725, 20726)	(3, 0)	1.76ppm
20724	(20728, 20729)	(2, 2)	0.65ppm
20735	(20737, 20738)	(2, 2)	1.91ppm
20749	(20754, 20755)	(3, 3)	1.48ppm
20824	(20826, 20827)	(2, 2)	3.54ppm
20840	(20842, 20843)	(3, 3)	0.84ppm
20859	(20861, 20862)	(2, 2)	29.0ppm
20874	(20876, 20877)	(2, 2)	1.96ppm
20884	(20886, 20887)	(4, 4)	0.84ppm
20904	(20909, 20910)	(2, 2)	19.92ppm
20933	(20938, 20939)	(2, 2)	10.24ppm
20940	(20942, 20943)	(3, 3)	4.31ppm
20941	(20945, 20946)	(3, 3)	1.46ppm
20975	(20977, 20978)	(2, 2)	0.81ppm
20981	(20983, 20984)	(3, 0)	6.49ppm
21003	(21005, 21006)	(3, 3)	0.85ppm
21012	(21014, 21015)	(2, 2)	6.43ppm
21031	(21033, 21034)	(2, 2)	21.56ppm
21082	(21084, 21085)	(2, 2)	1.25ppm
21092	(21097, 21098)	(2, 2)	0.49ppm
21114	(21116, 21117)	(2, 2)	0.68ppm
21115	(21119, 21120)	(2, 2)	2.11ppm
21118	(21121, 21122)	(2, 2)	1.14ppm
21142	(21147, 21148)	(3, 0)	29.66ppm
21151	(21153, 21154)	(2, 2)	16.31ppm
21155	(21157, 21158)	(3, 3)	4.37ppm
21156	(21159, 21160)	(3, 0)	3.03ppm
21203	(21205, 21206)	(3, 3)	0.2ppm
21215	(21220, 21221)	(2, 2)	3.57ppm
21238	(21243, 21244)	(3, 0)	1.18ppm
21246	(21248, 21249)	(3, 3)	2.9ppm
21253	(21258, 21259)	(2, 2)	2.86ppm
21260	(21262, 21263)	(2, 2)	0.49ppm
21261	(21265, 21266)	(3, 3)	5.39ppm
21264	(21267, 21268)	(2, 2)	2.93ppm
21278	(21280, 21281)	(3, 3)	0.9ppm
21279	(21283, 21284)	(2, 2)	1.12ppm
21306	(21308, 21309)	(2, 2)	3.01ppm
21370	(21375, 21376)	(2, 2)	1.17ppm
21383	(21385, 21386)	(4, 4)	0.72ppm
21428	(21433, 21434)	(3, 3)	2.24ppm
21435	(21437, 21438)	(3, 3)	0.51ppm
21454	(21459, 21460)	(3, 0)	23.03ppm
21463	(21465, 21466)	(3, 3)	4.84ppm
21492	(21494, 21495)	(3, 0)	5.29ppm
21552	(21557, 21558)	(4, 4)	2.96ppm
21572	(21577, 21578)	(2, 2)	4.63ppm
21588	(21593, 21594)	(2, 2)	0.69ppm
21598	(21600, 21601)	(4, 4)	0.88ppm
21613	(21615, 21616)	(2, 2)	0.34ppm
21698	(21700, 21701)	(5, 5)	4.42ppm
21754	(21756, 21757)	(3, 3)	15.86ppm
21809	(21814, 21815)	(2, 2)	4.13ppm
21824	(21826, 21827)	(3, 3)	2.08ppm
21844	(21849, 21850)	(2, 2)	7.05ppm
21891	(21896, 21897)	(3, 3)	2.8ppm
21931	(21933, 21934)	(3, 3)	5.2ppm
21940	(21942, 21943)	(3, 0)	11.99ppm
22020	(22022, 22023)	(3, 0)	1.32ppm
22034	(22036, 22037)	(2, 2)	14.1ppm
22050	(22052, 22053)	(3, 0)	8.99ppm
22051	(22054, 22055)	(3, 3)	11.94ppm
22056	(22058, 22059)	(5, 5)	8.95ppm
22060	(22062, 22063)	(2, 2)	16.35ppm
22067	(22072, 22073)	(2, 2)	2.2ppm
22077	(22082, 22083)	(2, 2)	3.11ppm
22119	(22121, 22122)	(3, 3)	3.47ppm
22125	(22130, 22131)	(2, 2)	1.1ppm
22164	(22169, 22170)	(2, 2)	0.89ppm
22191	(22193, 22194)	(2, 2)	2.38ppm
22192	(22196, 22197)	(3, 0)	7.03ppm
22198	(22200, 22201)	(3, 3)	1.52ppm
22207	(22209, 22210)	(3, 3)	1.33ppm
22223	(22228, 22229)	(2, 2)	5.04ppm
22230	(22232, 22233)	(3, 3)	5.88ppm
22247	(22249, 22250)	(3, 3)	5.3ppm
22290	(22292, 22293)	(3, 0)	8.98ppm
22325	(22330, 22331)	(2, 2)	1.73ppm
22333	(22335, 22336)	(3, 3)	6.47ppm
22368	(22370, 22371)	(3, 0)	4.31ppm
22369	(22372, 22373)	(2, 2)	1.33ppm
22374	(22376, 22377)	(3, 3)	0.93ppm
22401	(22403, 22404)	(2, 2)	2.42ppm
22411	(22416, 22417)	(2, 2)	14.14ppm
22427	(22429, 22430)	(4, 4)	3.7ppm
22478	(22480, 22481)	(3, 3)	11.04ppm
22529	(22531, 22532)	(2, 2)	11.54ppm
22530	(22533, 22534)	(2, 2)	0.09ppm
22536	(22538, 22539)	(3, 3)	0.65ppm
22555	(22560, 22561)	(2, 2)	11.29ppm
22565	(22570, 22571)	(3, 3)	2.78ppm
22573	(22578, 22579)	(4, 4)	1.43ppm
22603	(22605, 22606)	(3, 3)	4.01ppm
22617	(22619, 22620)	(3, 0)	16.58ppm
22647	(22649, 22650)	(3, 0)	2.82ppm
22648	(22651, 22652)	(3, 3)	1.86ppm
22660	(22662, 22663)	(4, 4)	1.68ppm
22664	(22666, 22667)	(3, 3)	3.68ppm
22682	(22684, 22685)	(3, 3)	10.66ppm
22693	(22698, 22699)	(3, 3)	2.26ppm
22709	(22714, 22715)	(2, 2)	1.77ppm
22716	(22718, 22719)	(3, 3)	1.3ppm
22746	(22748, 22749)	(3, 0)	1.31ppm
22763	(22765, 22766)	(3, 3)	5.23ppm
22793	(22795, 22796)	(4, 4)	0.34ppm
22822	(22827, 22828)	(3, 3)	0.48ppm
22839	(22841, 22842)	(2, 2)	0.27ppm
22845	(22847, 22848)	(3, 0)	3.98ppm
22849	(22851, 22852)	(2, 2)	1.53ppm
22858	(22860, 22861)	(3, 0)	5.54ppm
22859	(22863, 22864)	(3, 3)	0.74ppm
22873	(22875, 22876)	(3, 3)	7.7ppm
22879	(22881, 22882)	(3, 0)	2.86ppm
22888	(22893, 22894)	(2, 2)	2.06ppm
22897	(22902, 22903)	(3, 3)	3.17ppm
22904	(22906, 22907)	(3, 0)	6.94ppm
22919	(22921, 22922)	(3, 0)	5.73ppm
22951	(22953, 22954)	(2, 2)	1.18ppm
22957	(22959, 22960)	(3, 0)	1.53ppm
22971	(22973, 22974)	(3, 3)	1.98ppm
22977	(22979, 22980)	(3, 3)	0.03ppm
22978	(22981, 22982)	(2, 2)	3.42ppm
22996	(22998, 22999)	(2, 2)	1.94ppm
23000	(23002, 23003)	(3, 3)	1.94ppm
23001	(23004, 23005)	(3, 0)	27.83ppm
23009	(23011, 23012)	(2, 2)	6.04ppm
23023	(23025, 23026)	(3, 3)	7.94ppm
23034	(23036, 23037)	(3, 3)	0.37ppm
23066	(23068, 23069)	(2, 2)	4.11ppm
23081	(23083, 23084)	(2, 2)	0.09ppm
23090	(23092, 23093)	(2, 2)	5.11ppm
23094	(23096, 23097)	(4, 4)	0.89ppm
23103	(23108, 23109)	(2, 2)	18.37ppm
23133	(23135, 23136)	(2, 2)	0.54ppm
23141	(23143, 23144)	(2, 2)	4.56ppm
23152	(23154, 23155)	(3, 3)	11.21ppm
23174	(23179, 23180)	(3, 0)	6.98ppm
23186	(23188, 23189)	(2, 2)	2.6ppm
23199	(23201, 23202)	(3, 0)	5.02ppm
23216	(23218, 23219)	(3, 3)	0.18ppm
23224	(23229, 23230)	(2, 2)	4.22ppm
23231	(23233, 23234)	(2, 2)	16.76ppm
23232	(23236, 23237)	(3, 3)	2.67ppm
23235	(23238, 23239)	(2, 2)	12.26ppm
23240	(23242, 23243)	(3, 3)	14.36ppm
23266	(23268, 23269)	(3, 3)	0.56ppm
23270	(23272, 23273)	(2, 2)	8.88ppm
23275	(23277, 23278)	(4, 4)	1.48ppm
23276	(23279, 23280)	(3, 3)	7.36ppm
23291	(23296, 23297)	(3, 3)	22.59ppm
23301	(23303, 23304)	(3, 3)	3.69ppm
23306	(23308, 23309)	(4, 4)	1.78ppm
23323	(23325, 23326)	(3, 3)	0.54ppm
23335	(23337, 23338)	(3, 3)	2.63ppm
23346	(23348, 23349)	(2, 2)	1.04ppm
23369	(23371, 23372)	(4, 4)	0.93ppm
23375	(23377, 23378)	(2, 2)	1.39ppm
23392	(23394, 23395)	(3, 3)	1.78ppm
23417	(23419, 23420)	(3, 0)	5.75ppm
23429	(23434, 23435)	(2, 2)	0.78ppm
23444	(23446, 23447)	(2, 2)	0.64ppm
23448	(23450, 23451)	(2, 2)	1.68ppm
23453	(23455, 23456)	(2, 2)	7.75ppm
23460	(23462, 23463)	(3, 0)	5.56ppm
23473	(23475, 23476)	(2, 2)	1.63ppm
23484	(23486, 23487)	(3, 3)	1.63ppm
23489	(23491, 23492)	(3, 0)	29.14ppm
23493	(23495, 23496)	(2, 2)	18.62ppm
23502	(23504, 23505)	(2, 2)	5.53ppm
23521	(23526, 23527)	(3, 3)	0.53ppm
23528	(23530, 23531)	(2, 2)	7.09ppm
23529	(23532, 23533)	(3, 3)	6.47ppm
23552	(23554, 23555)	(2, 2)	3.43ppm
23595	(23597, 23598)	(2, 2)	6.76ppm
23626	(23628, 23629)	(3, 3)	0.45ppm
23647	(23652, 23653)	(3, 3)	1.21ppm
23664	(23666, 23667)	(3, 0)	11.83ppm
23674	(23675, 23676)	(4, 4)	2.22ppm
23688	(23690, 23691)	(2, 2)	5.14ppm
23695	(23697, 23698)	(4, 4)	0.15ppm
23738	(23740, 23741)	(3, 3)	5.95ppm
23739	(23742, 23743)	(3, 0)	6.23ppm
23750	(23752, 23753)	(2, 2)	3.46ppm
23767	(23769, 23770)	(3, 3)	3.28ppm
23793	(23795, 23796)	(2, 2)	0.62ppm
23802	(23804, 23805)	(2, 2)	4.55ppm
23814	(23816, 23817)	(3, 3)	7.7ppm
23819	(23821, 23822)	(3, 0)	2.31ppm
23823	(23825, 23826)	(3, 3)	1.04ppm
23834	(23835, 23836)	(2, 2)	0.44ppm
23839	(23844, 23845)	(2, 2)	0.79ppm
23852	(23854, 23855)	(3, 3)	0.52ppm
23860	(23862, 23863)	(2, 2)	13.04ppm
23888	(23890, 23891)	(2, 2)	2.1ppm
23904	(23906, 23907)	(3, 3)	7.71ppm
23910	(23912, 23913)	(3, 3)	5.73ppm
23922	(23924, 23925)	(2, 2)	2.22ppm
23941	(23943, 23944)	(2, 2)	10.3ppm
23948	(23950, 23951)	(2, 2)	7.36ppm
23949	(23952, 23953)	(3, 3)	3.04ppm
23961	(23963, 23964)	(4, 4)	5.24ppm
24027	(24029, 24030)	(2, 2)	1.93ppm
24039	(24041, 24042)	(3, 3)	9.04ppm
24043	(24045, 24046)	(3, 3)	3.78ppm
24054	(24056, 24057)	(3, 0)	4.02ppm
24055	(24058, 24059)	(3, 3)	5.25ppm
24066	(24068, 24069)	(2, 2)	0.65ppm
24074	(24076, 24077)	(2, 2)	2.44ppm
24110	(24112, 24113)	(3, 3)	3.25ppm
24123	(24125, 24126)	(3, 0)	1.81ppm
24132	(24134, 24135)	(3, 0)	7.03ppm
24177	(24182, 24183)	(3, 0)	26.49ppm
24187	(24189, 24190)	(4, 4)	4.87ppm
24198	(24200, 24201)	(2, 2)	2.38ppm
24222	(24224, 24225)	(3, 3)	0.18ppm
24244	(24245, 24246)	(3, 0)	13.8ppm
24274	(24276, 24277)	(2, 2)	5.02ppm
24283	(24285, 24286)	(4, 4)	6.22ppm
24308	(24309, 24310)	(4, 4)	5.98ppm
24331	(24333, 24334)	(3, 0)	1.06ppm
24345	(24347, 24348)	(3, 3)	2.29ppm
24363	(24364, 24365)	(3, 3)	0.97ppm
24372	(24373, 24374)	(2, 2)	2.74ppm
24382	(24383, 24384)	(3, 3)	0.66ppm
24390	(24392, 24393)	(4, 4)	1.68ppm
24398	(24399, 24400)	(2, 2)	3.39ppm
24404	(24406, 24407)	(3, 0)	4.65ppm
24414	(24416, 24417)	(3, 3)	4.68ppm
24432	(24434, 24435)	(3, 3)	1.63ppm
24436	(24438, 24439)	(3, 3)	4.37ppm
24448	(24450, 24451)	(2, 2)	6.95ppm
24474	(24476, 24477)	(3, 0)	5.76ppm
24488	(24490, 24491)	(2, 2)	1.89ppm
24509	(24510, 24511)	(3, 0)	0.74ppm
24588	(24590, 24591)	(2, 2)	0.81ppm
24596	(24597, 24598)	(2, 2)	0.85ppm
24601	(24603, 24604)	(2, 2)	11.39ppm
24608	(24610, 24611)	(2, 2)	1.33ppm
24637	(24639, 24640)	(3, 3)	5.4ppm
24697	(24699, 24700)	(3, 0)	7.46ppm
24706	(24708, 24709)	(3, 3)	8.18ppm
24742	(24744, 24745)	(3, 0)	4.07ppm
24798	(24800, 24801)	(3, 0)	7.58ppm
24803	(24805, 24806)	(3, 3)	0.6ppm
24874	(24875, 24876)	(3, 3)	6.5ppm
24880	(24882, 24883)	(4, 4)	5.35ppm
24904	(24906, 24907)	(2, 2)	2.42ppm
24910	(24911, 24912)	(3, 3)	0.82ppm
24936	(24938, 24939)	(3, 0)	18.34ppm
24985	(24986, 24987)	(3, 3)	6.81ppm
24996	(24998, 24999)	(2, 2)	2.24ppm
25032	(25034, 25035)	(2, 2)	2.2ppm
25040	(25042, 25043)	(3, 3)	1.52ppm
25051	(25053, 25054)	(3, 3)	0.47ppm
25058	(25060, 25061)	(3, 0)	0.37ppm
25075	(25077, 25078)	(3, 0)	5.84ppm
25117	(25119, 25120)	(3, 0)	3.83ppm
25138	(25140, 25141)	(2, 2)	5.96ppm
25145	(25150, 25151)	(2, 2)	14.73ppm
25225	(25227, 25228)	(2, 2)	2.07ppm
25247	(25249, 25250)	(2, 2)	0.97ppm
25310	(25312, 25313)	(3, 0)	7.5ppm
25328	(25330, 25331)	(3, 3)	0.88ppm
25364	(25366, 25367)	(3, 3)	1.54ppm
25400	(25402, 25403)	(2, 2)	8.3ppm
25500	(25502, 25503)	(3, 0)	7.03ppm
25514	(25516, 25517)	(2, 2)	21.84ppm
25574	(25579, 25580)	(2, 2)	7.63ppm
25634	(25636, 25637)	(2, 2)	2.99ppm
25676	(25677, 25678)	(3, 3)	7.81ppm
25700	(25702, 25703)	(2, 2)	5.53ppm
25800	(25802, 25803)	(2, 2)	1.97ppm
25937	(25939, 25940)	(3, 3)	1.96ppm
26140	(26142, 26143)	(2, 2)	1.68ppm
28454	(28455, 28456)	(3, 0)	23.28ppm
