(3399, 665.3327, 3, 1993.98355)	isSS	0.21	(450.7242, 2, 3400, 1.93)	(522.7873, 2, 3402, 0.74)
(4344, 592.74585, 4, 2367.96156)	isSS	1.48	(522.7879, 2, 4349, 0.93)	(637.7143, 2, 4351, 2.45)
(4570, 772.02039, 3, 2314.0466)	isSS	0.64	(610.755, 2, 4572, 0.0)	(522.7875, 2, 4574, 0.19)
(4681, 593.52325, 4, 2371.07118)	isSS	2.49	(639.2651, 2, 4684, 0.46)	(522.7872, 2, 4685, 1.67)
(5687, 655.68744, 3, 1965.04776)	isSS	3.78	(522.7874, 2, 5689, 0.37)	(436.2527, 2, 5691, 1.77)
(5877, 492.0177, 4, 1965.04897)	isSS	4.22	(436.2526, 2, 5879, 0.0)	(522.7874, 2, 5882, 0.19)
(5929, 588.99243, 4, 2352.94789)	isSS	4.59	(522.7873, 2, 5934, 0.56)	(630.2009, 2, 5937, 0.46)
(5961, 584.49915, 4, 2334.97475)	isSS	4.84	(414.4788, 3, 5963, 0.63)	(522.7871, 2, 5965, 1.67)
(6018, 655.68683, 3, 1965.04593)	isSS	2.24	(522.7877, 2, 6023, 0.19)	(436.253, 2, 6025, 0.22)
(6165, 739.00659, 3, 2215.00522)	isSS	1.39	(451.2597, 2, 6171, 0.21)	(632.7613, 2, 6172, 7.09)
(6318, 655.68616, 3, 1965.04392)	isSS	2.34	(522.787, 2, 6319, 0.37)	(436.2526, 2, 6321, 0.22)
(6602, 665.69092, 3, 1995.0582)	isSS	1.64	(522.7873, 2, 6604, 0.93)	(451.2601, 2, 6606, 0.21)
(6634, 655.68744, 3, 1965.04776)	isSS	3.58	(522.7874, 2, 6636, 0.56)	(436.2529, 2, 6638, 0.22)
(6727, 772.02063, 3, 2314.04733)	isSS	1.99	(610.7542, 2, 6731, 0.48)	(522.7871, 2, 6733, 1.11)
(7943, 670.02167, 3, 2008.05045)	isSS	2.55	(436.2523, 2, 7948, 0.44)	(544.2903, 2, 7950, 4.28)
(8578, 705.57892, 4, 2819.29384)	isSS	1.13	(625.3028, 2, 8580, 1.4)	(760.8622, 2, 8583, 0.77)
(9051, 874.36542, 4, 3494.43984)	isSS	3.09	(760.8632, 2, 9056, 0.13)	(962.8818, 2, 9059, 0.92)
(9639, 792.86121, 4, 3168.42299)	isSS	1.81	(625.3033, 2, 9641, 0.94)	(935.425, 2, 9644, 0.42)
(9678, 723.85626, 4, 2892.40321)	isSS	0.12	(797.4183, 2, 9680, 0.25)	(625.3028, 2, 9681, 0.47)
(10110, 771.76758, 3, 2313.28818)	isSS	5.21	(604.3547, 2, 10115, 0.0)	(528.8033, 2, 10117, 1.47)
(11275, 578.82672, 4, 2312.28505)	isSS	3.79	(604.3548, 2, 11280, 0.16)	(528.303, 2, 11283, 0.18)
(12119, 773.37885, 5, 3862.86511)	isSS	3.79	(981.4639, 3, 12125, 0.03)	(436.2527, 2, 12126, 0.22)
(12654, 589.82843, 4, 2356.29189)	isSS	0.86	(604.8576, 2, 12660, 1.45)	(549.807, 2, 12662, 6.89)
(12715, 578.82373, 4, 2312.27309)	isSS	1.63	(604.3552, 2, 12717, 0.48)	(528.3029, 2, 12720, 0.0)
(12758, 589.82538, 4, 2356.27968)	isSS	0.5	(604.8568, 2, 12764, 0.97)	(549.8033, 2, 12766, 5.48)
(13479, 1075.68213, 5, 5374.38153)	isSS	4.42	(760.863, 2, 13481, 0.64)	(1268.8928, 3, 13483, 3.15)
(13809, 1016.46582, 4, 4062.84145)	isSS	4.03	(981.4526, 2, 13811, 0.7)	(1026.4796, 2, 13814, 0.96)
(13850, 578.82599, 4, 2312.28212)	isSS	2.19	(604.3551, 2, 13855, 0.16)	(528.3031, 2, 13858, 0.37)
(14205, 578.82599, 4, 2312.28212)	isSS	3.05	(604.3547, 2, 14210, 0.0)	(528.3025, 2, 14213, 0.0)
(14462, 771.43115, 3, 2312.2789)	isSS	1.54	(604.3552, 2, 14465, 0.48)	(528.3024, 2, 14467, 0.18)
(14853, 805.38104, 5, 4022.8761)	isSS	1.91	(522.7865, 2, 14856, 3.16)	(977.114, 3, 14858, 0.24)
(15291, 985.46088, 5, 4923.27527)	isSS	0.67	(1277.248, 3, 15297, 1.35)	(522.7873, 2, 15298, 0.93)
(15739, 578.82495, 4, 2312.27797)	isSS	1.6	(604.3547, 2, 15744, 0.16)	(528.3021, 2, 15747, 0.18)
(15981, 1163.1189, 5, 5811.56537)	isSS	3.42	(1136.1633, 3, 15983, 0.47)	(1178.5511, 2, 15986, 0.92)
(16074, 1133.53857, 5, 5663.66376)	isSS	1.4	(1524.0483, 3, 16076, 0.3)	(522.7867, 2, 16078, 2.97)
(16814, 1140.10559, 5, 5696.49884)	isSS	2.8	(1097.4771, 3, 16819, 1.86)	(1179.0491, 2, 16822, 0.5)
(16934, 895.22485, 4, 3577.87758)	isSS	2.26	(1166.5886, 2, 16937, 0.42)	(598.8658, 2, 16938, 0.16)
(16977, 1449.64441, 3, 4346.91867)	isSS	4.1	(971.4417, 2, 16979, 0.61)	(1178.5465, 2, 16982, 6.53)
(17027, 944.95465, 6, 5664.69151)	isSS	3.56	(1143.5378, 4, 17029, 2.43)	(522.787, 2, 17031, 1.67)
(17366, 865.92371, 4, 3460.67299)	isSS	2.23	(1178.5496, 2, 17370, 0.0)	(528.3027, 2, 17371, 0.18)
(17412, 951.51685, 3, 2852.53598)	isSS	3.46	(528.3027, 2, 17417, 0.18)	(874.4803, 2, 17420, 4.49)
(17469, 713.63989, 4, 2851.53774)	isSL	4.44	(528.3029, 2, 17471, 0.37)	(889.9653, 2, 17473)
(17730, 1065.09827, 5, 5321.46222)	isSS	1.87	(1277.2477, 3, 17736, 1.27)	(721.8779, 2, 17737, 2.17)
(18007, 1065.29712, 5, 5322.45648)	isSS	2.03	(1277.2441, 3, 18010, 0.83)	(722.38, 2, 18011, 2.57)
(18210, 1033.87659, 5, 5165.35382)	isSS	0.88	(1225.2131, 3, 18215, 0.22)	(721.8783, 2, 18216, 0.41)
(18471, 905.97589, 4, 3620.88173)	isSS	2.83	(1188.0905, 2, 18477, 0.25)	(598.8649, 2, 18478, 1.14)
(18621, 1435.4729, 4, 5738.86977)	isSS	8.55	(1037.9932, 2, 18623, 1.42)	(1807.9368, 2, 18625, 1.7)
(19093, 1061.69629, 5, 5304.45233)	isSS	3.29	(464.7484, 2, 19095, 2.08)	(1442.9949, 3, 19097, 1.42)
(19359, 1059.73584, 5, 5294.65009)	isSS	4.74	(815.892, 2, 19364, 0.12)	(1205.6292, 3, 19367, 4.22)
(19863, 944.95209, 6, 5664.67613)	isSS	1.98	(1143.5369, 4, 19866, 0.35)	(522.7856, 2, 19867, 2.23)
(21204, 1167.27942, 3, 3499.8237)	isSS	4.96	(1127.5583, 2, 21208, 0.52)	(598.8648, 2, 21209, 0.33)
(21223, 875.71118, 4, 3499.82289)	isSS	3.83	(598.8657, 2, 21225, 0.16)	(1127.5587, 2, 21228, 0.26)
(21357, 881.45636, 4, 3522.8036)	isSS	3.56	(1138.5487, 2, 21360, 0.43)	(599.3665, 2, 21362, 0.65)
(21532, 875.71149, 4, 3499.82411)	isSS	1.79	(598.8654, 2, 21537, 0.16)	(1127.5632, 2, 21540, 3.41)
(21657, 1012.27692, 4, 4046.08583)	isSS	5.23	(871.993, 2, 21662, 0.11)	(1127.559, 2, 21665, 0.09)
(21808, 1228.0813, 4, 4909.30336)	isSS	0.39	(1138.5505, 2, 21810, 0.52)	(1292.6199, 2, 21812, 0.46)
(21833, 1108.13257, 5, 5536.63373)	isSS	0.3	(1452.2188, 2, 21839, 3.61)	(1292.6183, 2, 21840, 0.76)
(21852, 1236.06836, 4, 4941.2516)	isSS	4.24	(1292.6183, 2, 21857, 0.31)	(1154.5167, 2, 21859, 0.6)
(21980, 1012.02411, 4, 4045.0746)	isSS	3.79	(871.4918, 2, 21982, 0.9)	(1127.5575, 2, 21985, 1.22)
(22153, 1236.84485, 4, 4944.35756)	isSS	5.68	(1292.6176, 2, 22155, 0.38)	(1156.0668, 2, 22158, 3.41)
(22163, 1188.00476, 5, 5935.99469)	isSS	6.53	(1127.5591, 2, 22166, 0.17)	(1211.6281, 3, 22168, 1.61)
(22418, 1187.80444, 5, 5934.9931)	isSS	6.2	(1127.0575, 2, 22421, 0.7)	(1211.6293, 3, 22422, 0.11)
(22958, 1384.66687, 4, 5535.64565)	isSS	1.22	(1292.6211, 2, 22961, 2.75)	(1451.718, 2, 22963, 2.32)
(23283, 1229.32019, 4, 4914.25893)	isSS	1.23	(1295.0962, 2, 23285, 0.0)	(1138.5499, 2, 23287, 0.35)
(23400, 1231.81189, 4, 4924.22572)	isSS	6.55	(1311.559, 2, 23403, 7.46)	(1127.0574, 2, 23405, 4.02)
