3399	(3400, 3401)	(2, 2)	1.93ppm
3399	(3402, 3403)	(2, 2)	0.74ppm
4344	(4349, 4350)	(2, 2)	0.93ppm
4344	(4351, 4352)	(2, 2)	2.45ppm
4570	(4572, 4573)	(2, 2)	0.0ppm
4570	(4574, 4575)	(2, 2)	0.19ppm
4681	(4683, 4684)	(2, 2)	0.46ppm
4681	(4685, 4686)	(2, 2)	1.67ppm
5687	(5689, 5690)	(2, 2)	0.37ppm
5687	(5691, 5692)	(2, 2)	1.77ppm
5877	(5879, 5880)	(2, 2)	0.0ppm
5877	(5881, 5882)	(2, 2)	0.19ppm
5929	(5934, 5935)	(2, 2)	0.56ppm
5929	(5936, 5937)	(2, 2)	0.46ppm
5961	(5963, 5964)	(3, 3)	0.63ppm
5961	(5965, 5966)	(2, 2)	1.67ppm
6018	(6023, 6024)	(2, 2)	0.19ppm
6018	(6025, 6026)	(2, 2)	0.22ppm
6165	(6170, 6171)	(2, 2)	0.21ppm
6165	(6172, 6173)	(2, 2)	7.09ppm
6318	(6319, 6320)	(2, 2)	0.37ppm
6318	(6321, 6322)	(2, 2)	0.22ppm
6602	(6604, 6605)	(2, 2)	0.93ppm
6602	(6606, 6607)	(2, 2)	0.21ppm
6634	(6636, 6637)	(2, 2)	0.56ppm
6634	(6638, 6639)	(2, 2)	0.22ppm
6727	(6731, 6732)	(2, 2)	0.48ppm
6727	(6733, 6734)	(2, 2)	1.11ppm
7943	(7948, 7949)	(2, 2)	0.44ppm
7943	(7950, 7951)	(2, 2)	4.28ppm
8578	(8580, 8581)	(2, 2)	1.4ppm
8578	(8582, 8583)	(2, 2)	0.77ppm
9051	(9056, 9057)	(2, 2)	0.13ppm
9051	(9058, 9059)	(2, 2)	0.92ppm
9639	(9641, 9642)	(2, 2)	0.94ppm
9639	(9643, 9644)	(2, 2)	0.42ppm
9678	(9679, 9680)	(2, 2)	0.25ppm
9678	(9681, 9682)	(2, 2)	0.47ppm
10110	(10115, 10116)	(2, 2)	0.0ppm
10110	(10117, 10118)	(2, 2)	1.47ppm
11275	(11280, 11281)	(2, 2)	0.16ppm
11275	(11282, 11283)	(2, 2)	0.18ppm
12119	(12124, 12125)	(3, 3)	0.03ppm
12119	(12126, 12127)	(2, 2)	0.22ppm
12654	(12659, 12660)	(2, 2)	1.45ppm
12654	(12661, 12662)	(2, 2)	6.89ppm
12715	(12717, 12718)	(2, 2)	0.48ppm
12715	(12719, 12720)	(2, 2)	0.0ppm
12758	(12763, 12764)	(2, 2)	0.97ppm
12758	(12765, 12766)	(2, 2)	5.48ppm
13479	(13481, 13482)	(2, 2)	0.64ppm
13479	(13483, 13484)	(3, 3)	3.15ppm
13809	(13811, 13812)	(2, 2)	0.7ppm
13809	(13813, 13814)	(2, 2)	0.96ppm
13850	(13855, 13856)	(2, 2)	0.16ppm
13850	(13857, 13858)	(2, 2)	0.37ppm
14205	(14210, 14211)	(2, 2)	0.0ppm
14205	(14212, 14213)	(2, 2)	0.0ppm
14462	(14465, 14466)	(2, 2)	0.48ppm
14462	(14467, 14468)	(2, 2)	0.18ppm
14853	(14856, 14857)	(2, 2)	3.16ppm
14853	(14858, 14859)	(3, 3)	0.24ppm
15291	(15296, 15297)	(3, 3)	1.35ppm
15291	(15298, 15299)	(2, 2)	0.93ppm
15739	(15744, 15745)	(2, 2)	0.16ppm
15739	(15746, 15747)	(2, 2)	0.18ppm
15981	(15983, 15984)	(3, 3)	0.47ppm
15981	(15985, 15986)	(2, 2)	0.92ppm
16074	(16076, 16077)	(3, 3)	0.3ppm
16074	(16078, 16079)	(2, 2)	2.97ppm
16814	(16819, 16820)	(3, 3)	1.86ppm
16814	(16821, 16822)	(2, 2)	0.5ppm
16934	(16936, 16937)	(2, 2)	0.42ppm
16934	(16938, 16939)	(2, 2)	0.16ppm
16977	(16979, 16980)	(2, 2)	0.61ppm
16977	(16981, 16982)	(2, 2)	6.53ppm
17027	(17029, 17030)	(4, 4)	2.43ppm
17027	(17031, 17032)	(2, 2)	1.67ppm
17366	(17369, 17370)	(2, 2)	0.0ppm
17366	(17371, 17372)	(2, 2)	0.18ppm
17412	(17417, 17418)	(2, 2)	0.18ppm
17412	(17419, 17420)	(2, 2)	4.49ppm
17730	(17735, 17736)	(3, 3)	1.27ppm
17730	(17737, 17738)	(2, 2)	2.17ppm
18007	(18009, 18010)	(3, 3)	0.83ppm
18007	(18011, 18012)	(2, 2)	2.57ppm
18210	(18214, 18215)	(3, 3)	0.22ppm
18210	(18216, 18217)	(2, 2)	0.41ppm
18471	(18476, 18477)	(2, 2)	0.25ppm
18471	(18478, 18479)	(2, 2)	1.14ppm
18621	(18623, 18624)	(2, 2)	1.42ppm
18621	(18625, 18626)	(2, 2)	1.7ppm
19093	(19095, 19096)	(2, 2)	2.08ppm
19093	(19097, 19098)	(3, 3)	1.42ppm
19359	(19364, 19365)	(2, 2)	0.12ppm
19359	(19366, 19367)	(3, 3)	4.22ppm
19863	(19865, 19866)	(4, 4)	0.35ppm
19863	(19867, 19868)	(2, 2)	2.23ppm
21204	(21207, 21208)	(2, 2)	0.52ppm
21204	(21209, 21210)	(2, 2)	0.33ppm
21223	(21225, 21226)	(2, 2)	0.16ppm
21223	(21227, 21228)	(2, 2)	0.26ppm
21357	(21359, 21360)	(2, 2)	0.43ppm
21357	(21361, 21362)	(2, 2)	0.65ppm
21532	(21537, 21538)	(2, 2)	0.16ppm
21532	(21539, 21540)	(2, 2)	3.41ppm
21657	(21662, 21663)	(2, 2)	0.11ppm
21657	(21664, 21665)	(2, 2)	0.09ppm
21808	(21810, 21811)	(2, 2)	0.52ppm
21808	(21812, 21813)	(2, 2)	0.46ppm
21833	(21838, 21839)	(2, 2)	3.61ppm
21833	(21840, 21841)	(2, 2)	0.76ppm
21852	(21857, 21858)	(2, 2)	0.31ppm
21852	(21859, 21860)	(2, 2)	0.6ppm
21980	(21982, 21983)	(2, 2)	0.9ppm
21980	(21984, 21985)	(2, 2)	1.22ppm
22153	(22155, 22156)	(2, 2)	0.38ppm
22153	(22157, 22158)	(2, 2)	3.41ppm
22163	(22165, 22166)	(2, 2)	0.17ppm
22163	(22167, 22168)	(3, 3)	1.61ppm
22418	(22420, 22421)	(2, 2)	0.7ppm
22418	(22422, 22423)	(3, 3)	0.11ppm
22958	(22961, 22962)	(2, 2)	2.75ppm
22958	(22963, 22964)	(2, 2)	2.32ppm
23283	(23285, 23286)	(2, 2)	0.0ppm
23283	(23287, 23288)	(2, 2)	0.35ppm
23400	(23402, 23403)	(2, 2)	7.46ppm
23400	(23404, 23405)	(2, 2)	4.02ppm
