1.89
7.37
1.0
3.95
23.71
21.03
1.93
3.57
3.03
1.31
2.0
0.82
0.09
3.97
4.49
7.01
3.36
3.72
1.24
1.25
4.9
11.42
8.24
9.6
12.83
2.17
10.42
0.5
16.88
0.53
2.88
2.42
2.09
8.17
20.59
6.26
2.19
1.39
1.57
21.22
10.77
29.51
12.48
2.15
15.14
24.44
8.21
26.6
0.8
6.53
1.3
15.08
27.0
15.63
6.89
26.49
14.17
5.43
9.33
6.3
13.65
10.06
8.57
15.76
3.43
4.55
5.45
21.06
4.6
10.32
19.52
23.26
6.01
2.04
6.65
28.02
16.22
8.36
3.17
4.19
15.0
11.42
18.84
16.43
12.89
0.87
13.46
3.74
26.72
1.41
2.45
3.96
5.67
7.73
2.77
7.11
2.31
3.42
1.95
4.79
3.66
0.14
17.36
12.65
1.17
12.53
22.81
2.0
8.9
2.26
15.84
7.99
15.56
4.64
0.05
29.66
3.45
7.37
7.28
10.66
5.69
0.36
1.19
13.26
1.26
27.22
0.79
19.21
14.95
0.17
23.2
2.14
9.22
15.14
2.41
28.54
6.78
4.72
1.07
4.31
10.34
4.27
0.82
8.92
22.61
16.47
2.85
4.92
26.0
10.01
1.63
7.89
18.44
8.95
8.81
7.84
2.03
8.97
3.69
24.26
0.48
7.01
11.06
6.36
9.18
10.31
14.93
1.85
10.53
2.86
1.23
3.61
13.15
1.7
24.87
3.31
3.69
1.84
18.69
28.29
3.49
16.1
3.86
22.21
2.47
5.92
6.08
7.09
0.17
1.97
15.51
25.37
3.8
2.8
19.08
5.0
17.59
9.14
3.87
5.41
11.46
4.96
0.48
8.49
0.03
2.11
0.41
20.67
4.08
3.08
15.81
10.25
9.7
1.92
7.84
8.97
7.83
2.1
1.69
13.37
7.61
21.8
26.89
12.48
29.63
10.15
12.9
1.97
2.38
3.52
3.1
25.1
18.81
1.42
0.42
10.84
10.07
1.84
7.06
3.73
14.45
7.82
6.86
0.12
3.09
16.18
20.64
4.69
2.51
6.51
0.13
1.75
8.79
12.13
0.05
1.76
23.31
6.49
2.87
29.66
3.03
7.44
1.18
23.61
16.22
10.05
23.03
5.29
3.85
7.44
11.99
16.44
2.24
1.32
8.99
5.46
7.03
0.09
9.38
10.87
8.98
2.11
4.31
0.39
10.45
3.44
2.03
16.58
2.82
1.31
3.98
5.54
2.86
6.94
5.73
1.53
27.83
0.21
2.93
1.86
6.98
5.02
3.06
5.75
5.56
29.14
1.08
8.28
20.25
11.83
6.23
2.31
4.02
1.81
7.03
23.15
0.55
26.49
13.8
1.06
4.65
0.76
5.76
0.74
7.46
4.07
7.58
18.34
0.37
5.84
3.83
7.5
7.03
23.28
